810
0
369
0
273
0
539
0
893
0
556
0
281
0
43
1
384
0
150
0
38
0
275
0
644
0
600
0
390
0
907
1
46
0
975
0
11
0
736
0
19
0
685
0
749
0
865
1
845
0
647
0
24
0
565
0
483
0
507
0
224
0
836
1
756
0
395
0
480
0
656
0
419
0
383
0
571
0
919
1
223
0
34
0
250
0
976
0
202
0
995
0
715
0
984
1
601
0
517
0
570
0
400
0
802
0
637
0
682
0
653
1
841
0
665
0
572
0
891
0
710
0
296
0
728
0
455
1
736
0
921
0
234
0
735
0
941
0
347
0
603
0
144
1
809
0
958
0
912
0
549
0
523
0
837
0
496
0
510
1
160
0
433
0
342
0
748
0
599
0
571
0
550
0
679
1
283
0
317
0
845
0
491
0
7
0
629
0
434
0
893
1
555
0
983
0
112
0
901
0
877
0
654
0
853
0
402
1
291
0
791
0
877
0
268
0
461
0
251
0
591
0
842
1
824
0
711
0
913
0
800
0
644
0
185
0
600
0
565
1
806
0
312
0
751
0
455
0
450
0
224
0
200
0
827
1
337
0
65
0
449
0
261
0
952
0
196
0
502
0
688
1
273
0
337
0
629
0
730
0
922
0
992
0
446
0
607
1
164
0
266
0
312
0
561
0
750
0
771
0
657
0
833
1
287
0
326
0
310
0
476
0
987
0
412
0
504
0
325
1
949
0
627
0
944
0
723
0
834
0
120
0
25
0
495
1
222
0
465
0
283
0
156
0
128
0
328
0
976
0
419
1
272
0
119
0
71
0
281
0
321
0
661
0
710
0
264
1
370
0
363
0
293
0
527
0
86
0
190
0
518
0
22
1
427
0
25
0
168
0
43
0
912
0
270
0
746
0
738
1
575
0
440
0
156
0
445
0
642
0
352
0
874
0
439
1
426
0
579
0
146
0
574
0
586
0
628
0
4
0
509
1
826
0
643
0
585
0
147
0
367
0
665
0
92
0
12
1
872
0
295
0
638
0
225
0
492
0
475
0
750
0
566
1
695
0
765
0
725
0
32
0
283
0
324
0
614
0
690
1
131
0
848
0
668
0
195
0
403
0
116
0
999
0
837
1
403
0
714
0
254
0
332
0
491
0
562
0
304
0
432
1
512
0
401
0
70
0
377
0
451
0
874
0
823
0
559
1
291
0
563
0
263
0
668
0
817
0
79
0
290
0
742
1
146
0
419
0
387
0
676
0
954
0
591
0
737
0
955
1
562
0
756
0
696
0
718
0
860
0
68
0
917
0
777
1
238
0
162
0
387
0
696
0
178
0
111
0
636
0
161
1
702
0
766
0
417
0
410
0
815
0
357
0
330
0
560
1
688
0
592
0
345
0
869
0
1
0
731
0
896
0
149
1
291
0
516
0
843
0
901
0
639
0
259
0
224
0
377
1
494
0
592
0
899
0
257
0
723
0
439
0
238
0
151
1
869
0
801
0
94
0
607
0
297
0
786
0
392
0
491
1
276
0
779
0
194
0
450
0
557
0
204
0
887
0
605
1
513
0
200
0
962
0
942
0
993
0
756
0
860
0
533
1
805
0
557
0
592
0
456
0
28
0
981
0
283
0
701
1
171
0
834
0
105
0
264
0
899
0
547
0
322
0
236
1
880
0
344
0
452
0
336
0
419
0
157
0
178
0
295
1
985
0
522
0
186
0
819
0
172
0
898
0
829
0
64
1
247
0
318
0
63
0
737
0
815
0
206
0
254
0
881
1
541
0
507
0
375
0
159
0
521
0
692
0
403
0
375
1
280
0
875
0
737
0
593
0
933
0
954
0
134
0
457
1
614
0
184
0
447
0
370
0
885
0
210
0
319
0
335
1
503
0
871
0
563
0
320
0
450
0
613
0
779
0
573
1
559
0
130
0
836
0
882
0
742
0
88
0
784
0
223
1
337
0
527
0
254
0
83
0
457
0
392
0
70
0
269
1
381
0
396
0
661
0
62
0
513
0
31
0
318
0
982
1
386
0
925
0
682
0
977
0
391
0
575
0
14
0
606
1
892
0
121
0
355
0
500
0
776
0
723
0
851
0
305
1
343
0
266
0
607
0
889
0
986
0
498
0
774
0
375
1
737
0
179
0
631
0
475
0
362
0
253
0
727
0
296
1
67
0
738
0
790
0
809
0
980
0
798
0
628
0
703
1
56
0
605
0
297
0
441
0
890
0
337
0
370
0
985
1
165
0
878
0
448
0
367
0
883
0
533
0
834
0
180
1
791
0
825
0
186
0
453
0
254
0
649
0
917
0
850
1
831
0
778
0
68
0
250
0
580
0
777
0
224
0
829
1
352
0
802
0
355
0
182
0
608
0
248
0
89
0
474
1
895
0
369
0
36
0
505
0
82
0
388
0
951
0
0
1
434
0
370
0
162
0
201
0
255
0
63
0
437
0
112
1
297
0
707
0
760
0
194
0
866
0
433
0
239
0
468
1
8
0
676
0
179
0
973
0
86
0
425
0
530
0
409
1
866
0
349
0
593
0
435
0
209
0
539
0
592
0
511
1
847
0
122
0
731
0
33
0
747
0
305
0
513
0
373
1
406
0
232
0
950
0
396
0
196
0
293
0
627
0
535
1
779
0
31
0
173
0
140
0
433
0
898
0
483
0
690
1
650
0
343
0
841
0
554
0
822
0
471
0
393
0
812
1
593
0
125
0
225
0
147
0
340
0
453
0
759
0
966
1
522
0
661
0
457
0
884
0
453
0
86
0
210
0
43
1
534
0
454
0
31
0
709
0
163
0
166
0
207
0
592
1
834
0
979
0
344
0
609
0
44
0
100
0
735
0
156
1
501
0
806
0
487
0
394
0
16
0
847
0
211
0
15
1
111
0
661
0
422
0
6
0
696
0
402
0
567
0
580
1
996
0
823
0
3
0
966
0
585
0
178
0
931
0
848
1
247
0
429
0
164
0
44
0
663
0
332
0
876
0
570
1
486
0
619
0
354
0
890
0
818
0
602
0
327
0
715
1
324
0
254
0
601
0
535
0
643
0
308
0
943
0
893
1
177
0
893
0
342
0
338
0
319
0
137
0
345
0
886
1
916
0
809
0
823
0
439
0
634
0
629
0
975
0
388
1
49
0
270
0
438
0
167
0
525
0
362
0
385
0
39
1
659
0
954
0
702
0
57
0
929
0
129
0
348
0
699
1
379
0
803
0
828
0
502
0
113
0
815
0
111
0
205
1
222
0
771
0
838
0
726
0
99
0
923
0
137
0
611
1
714
0
781
0
687
0
509
0
423
0
620
0
308
0
23
1
480
0
502
0
25
0
722
0
110
0
676
0
917
0
594
1
707
0
430
0
632
0
820
0
187
0
177
0
768
0
450
1
968
0
279
0
965
0
557
0
805
0
665
0
176
0
246
1
660
0
298
0
713
0
537
0
859
0
979
0
116
0
998
1
216
0
558
0
197
0
621
0
670
0
506
0
267
0
77
1
928
0
539
0
456
0
466
0
242
0
490
0
121
0
969
1
479
0
168
0
304
0
576
0
876
0
939
0
399
0
407
1
779
0
386
0
247
0
973
0
380
0
635
0
294
0
129
1
215
0
815
0
31
0
526
0
173
0
278
0
363
0
793
1
180
0
780
0
702
0
410
0
400
0
879
0
509
0
477
1
246
0
428
0
363
0
12
0
916
0
165
0
338
0
859
1
925
0
258
0
790
0
607
0
424
0
393
0
477
0
356
1
768
0
315
0
843
0
617
0
495
0
860
0
442
0
826
1
379
0
198
0
335
0
986
0
338
0
67
0
16
0
99
1
26
0
373
0
201
0
60
0
937
0
757
0
573
0
277
1
395
0
588
0
314
0
138
0
42
0
952
0
933
0
994
1
312
0
582
0
709
0
267
0
535
0
929
0
372
0
915
1
674
0
989
0
255
0
653
0
13
0
915
0
158
0
271
1
246
0
953
0
607
0
996
0
679
0
308
0
197
0
66
1
507
0
333
0
158
0
626
0
254
0
845
0
27
0
96
1
34
0
918
0
592
0
702
0
379
0
440
0
379
0
729
1
100
0
5
0
577
0
407
0
203
0
794
0
860
0
316
1
919
0
130
0
817
0
784
0
458
0
152
0
261
0
886
1
697
0
72
0
704
0
659
0
960
0
363
0
50
0
353
1
898
0
558
0
705
0
728
0
399
0
542
0
85
0
592
1
182
0
402
0
266
0
341
0
249
0
460
0
21
0
591
1
456
0
45
0
730
0
596
0
942
0
204
0
34
0
917
1
520
0
595
0
514
0
290
0
476
0
415
0
630
0
170
1
654
0
522
0
924
0
548
0
213
0
526
0
325
0
195
1
380
0
663
0
135
0
177
0
676
0
62
0
797
0
835
1
286
0
478
0
392
0
941
0
31
0
653
0
718
0
130
1
669
0
121
0
497
0
577
0
462
0
964
0
803
0
335
1
679
0
861
0
661
0
366
0
722
0
108
0
335
0
191
1
57
0
898
0
81
0
569
0
806
0
939
0
696
0
613
1
133
0
569
0
837
0
405
0
385
0
758
0
447
0
57
1
51
0
821
0
185
0
198
0
698
0
582
0
126
0
692
1
284
0
188
0
920
0
850
0
866
0
397
0
248
0
880
1
497
0
454
0
703
0
648
0
933
0
671
0
627
0
849
1
392
0
434
0
798
0
546
0
872
0
732
0
384
0
752
1
127
0
405
0
437
0
236
0
788
0
754
0
930
0
284
1
190
0
124
0
624
0
892
0
345
0
244
0
666
0
425
1
185
0
326
0
307
0
874
0
475
0
567
0
409
0
451
1
820
0
317
0
423
0
799
0
720
0
729
0
46
0
817
1
12
0
627
0
450
0
463
0
656
0
291
0
27
0
740
1
308
0
207
0
482
0
192
0
123
0
398
0
428
0
815
1
781
0
423
0
427
0
435
0
566
0
231
0
295
0
382
1
724
0
61
0
667
0
592
0
422
0
740
0
436
0
761
1
431
0
997
0
653
0
803
0
490
0
333
0
373
0
311
1
264
0
786
0
898
0
827
0
484
0
54
0
383
0
405
1
320
0
974
0
497
0
815
0
512
0
89
0
951
0
879
1
652
0
824
0
775
0
369
0
212
0
655
0
46
0
715
1
844
0
165
0
551
0
453
0
662
0
685
0
309
0
139
1
702
0
369
0
996
0
472
0
985
0
488
0
609
0
800
1
207
0
901
0
625
0
338
0
927
0
244
0
695
0
1
1
697
0
272
0
600
0
518
0
727
0
166
0
728
0
108
1
533
0
456
0
471
0
71
0
152
0
567
0
406
0
593
1
755
0
304
0
283
0
907
0
492
0
89
0
509
0
372
1
261
0
121
0
753
0
289
0
142
0
33
0
298
0
385
1
703
0
99
0
119
0
268
0
811
0
381
0
23
0
720
1
537
0
730
0
832
0
279
0
540
0
54
0
876
0
496
1
274
0
219
0
372
0
288
0
826
0
244
0
415
0
61
1
742
0
974
0
619
0
823
0
160
0
518
0
693
0
91
1
217
0
891
0
467
0
485
0
981
0
857
0
118
0
98
1
218
0
959
0
669
0
336
0
967
0
750
0
140
0
338
1
536
0
734
0
748
0
291
0
8
0
798
0
955
0
278
1
64
0
336
0
588
0
936
0
803
0
919
0
434
0
779
1
460
0
205
0
838
0
631
0
799
0
870
0
801
0
527
1
812
0
691
0
867
0
606
0
547
0
979
0
641
0
44
1
409
0
748
0
180
0
488
0
768
0
66
0
270
0
516
1
252
0
178
0
984
0
576
0
426
0
542
0
343
0
500
1
795
0
757
0
38
0
77
0
966
0
694
0
748
0
835
1
380
0
265
0
406
0
781
0
813
0
914
0
7
0
313
1
344
0
299
0
899
0
316
0
247
0
957
0
363
0
338
1
161
0
850
0
171
0
923
0
369
0
506
0
976
0
354
1
699
0
463
0
557
0
987
0
743
0
959
0
324
0
457
1
670
0
159
0
81
0
17
0
665
0
871
0
458
0
150
1
426
0
173
0
515
0
498
0
954
0
409
0
695
0
557
1
777
0
339
0
256
0
53
0
220
0
828
0
439
0
579
1
344
0
79
0
159
0
46
0
772
0
637
0
436
0
750
1
685
0
23
0
945
0
534
0
476
0
60
0
911
0
399
1
946
0
560
0
481
0
822
0
91
0
589
0
36
0
145
1
984
0
792
0
837
0
531
0
678
0
954
0
930
0
681
1
29
0
969
0
74
0
504
0
611
0
235
0
368
0
149
1
686
0
503
0
163
0
297
0
576
0
936
0
977
0
95
1
444
0
806
0
361
0
36
0
560
0
282
0
808
0
441
1
963
0
190
0
956
0
216
0
309
0
888
0
316
0
9
1
822
0
9
0
560
0
135
0
118
0
277
0
725
0
636
1
20
0
153
0
232
0
229
0
842
0
988
0
772
0
123
1
518
0
156
0
911
0
672
0
435
0
279
0
607
0
339
1
557
0
922
0
569
0
463
0
524
0
768
0
850
0
238
1
48
0
619
0
326
0
685
0
259
0
912
0
294
0
285
1
444
0
490
0
743
0
678
0
663
0
422
0
453
0
759
1
681
0
950
0
935
0
398
0
250
0
133
0
987
0
704
1
115
0
750
0
466
0
598
0
231
0
513
0
462
0
365
1
446
0
170
0
616
0
408
0
596
0
415
0
911
0
236
1
681
0
383
0
27
0
120
0
593
0
706
0
263
0
447
1
932
0
744
0
708
0
371
0
159
0
210
0
554
0
247
1
705
0
95
0
41
0
608
0
66
0
372
0
654
0
82
1
13
0
396
0
202
0
979
0
71
0
399
0
820
0
750
1
712
0
274
0
695
0
295
0
158
0
291
0
774
0
758
1
136
0
654
0
755
0
929
0
136
0
873
0
599
0
618
1
154
0
353
0
587
0
874
0
753
0
391
0
502
0
360
1
921
0
411
0
455
0
843
0
711
0
675
0
866
0
863
1
356
0
104
0
896
0
287
0
632
0
381
0
174
0
176
1
68
0
620
0
560
0
646
0
656
0
655
0
990
0
734
1
762
0
528
0
620
0
470
0
936
0
118
0
16
0
660
1
469
0
924
0
565
0
354
0
919
0
896
0
420
0
947
1
234
0
765
0
930
0
853
0
677
0
165
0
396
0
419
1
897
0
782
0
38
0
13
0
282
0
759
0
484
0
22
1
839
0
904
0
592
0
450
0
195
0
988
0
330
0
698
1
766
0
44
0
718
0
181
0
701
0
960
0
830
0
165
1
725
0
140
0
992
0
524
0
192
0
334
0
515
0
873
1
462
0
480
0
115
0
890
0
564
0
246
0
4
0
959
1
258
0
29
0
827
0
753
0
126
0
261
0
711
0
597
1
439
0
933
0
654
0
81
0
924
0
666
0
509
0
130
1
546
0
739
0
928
0
311
0
132
0
476
0
951
0
390
1
229
0
533
0
481
0
721
0
489
0
71
0
866
0
181
1
201
0
738
0
544
0
95
0
69
0
446
0
276
0
434
1
20
0
292
0
779
0
353
0
760
0
951
0
820
0
157
1
28
0
669
0
516
0
300
0
495
0
404
0
573
0
88
1
202
0
571
0
981
0
679
0
181
0
230
0
266
0
107
1
856
0
493
0
516
0
24
0
85
0
274
0
123
0
333
1
531
0
629
0
583
0
841
0
700
0
389
0
959
0
76
1
832
0
741
0
657
0
727
0
203
0
1
0
600
0
88
1
882
0
100
0
123
0
334
0
451
0
872
0
361
0
974
1
650
0
400
0
939
0
472
0
280
0
997
0
762
0
897
1
861
0
947
0
984
0
501
0
974
0
32
0
650
0
224
1
434
0
217
0
202
0
946
0
982
0
472
0
132
0
93
1
753
0
925
0
46
0
332
0
425
0
512
0
258
0
322
1
156
0
257
0
216
0
771
0
907
0
52
0
420
0
787
1
713
0
340
0
912
0
625
0
833
0
147
0
874
0
712
1
269
0
251
0
925
0
354
0
19
0
828
0
461
0
537
1
714
0
306
0
12
0
756
0
890
0
570
0
658
0
466
1
873
0
274
0
793
0
294
0
826
0
634
0
534
0
39
1
960
0
587
0
747
0
874
0
425
0
610
0
650
0
622
1
837
0
56
0
132
0
380
0
558
0
1
0
896
0
409
1
265
0
279
0
247
0
850
0
610
0
603
0
347
0
203
1
166
0
768
0
840
0
188
0
314
0
404
0
587
0
176
1
185
0
715
0
319
0
667
0
650
0
186
0
630
0
959
1
168
0
228
0
180
0
131
0
450
0
308
0
256
0
881
1
227
0
88
0
244
0
322
0
125
0
503
0
51
0
849
1
710
0
239
0
810
0
568
0
533
0
693
0
903
0
123
1
94
0
458
0
910
0
87
0
600
0
166
0
323
0
6
1
999
0
83
0
929
0
467
0
229
0
793
0
345
0
188
1
396
0
593
0
358
0
761
0
343
0
969
0
485
0
975
1
870
0
467
0
435
0
808
0
832
0
82
0
70
0
795
1
923
0
834
0
949
0
276
0
279
0
842
0
67
0
776
1
272
0
457
0
335
0
488
0
26
0
610
0
95
0
511
1
255
0
310
0
803
0
929
0
436
0
613
0
302
0
370
1
346
0
184
0
942
0
632
0
632
0
53
0
149
0
902
1
917
0
520
0
424
0
429
0
315
0
803
0
589
0
409
1
871
0
682
0
745
0
574
0
829
0
237
0
335
0
326
1
921
0
795
0
701
0
176
0
472
0
559
0
816
0
453
1
989
0
578
0
720
0
714
0
727
0
797
0
399
0
365
1
487
0
992
0
314
0
487
0
488
0
836
0
354
0
533
1
191
0
98
0
388
0
10
0
938
0
198
0
60
0
644
1
733
0
419
0
369
0
73
0
703
0
564
0
697
0
102
1
651
0
373
0
789
0
627
0
666
0
196
0
480
0
775
1
398
0
862
0
417
0
652
0
658
0
826
0
456
0
295
1
261
0
668
0
396
0
454
0
293
0
896
0
666
0
374
1
488
0
308
0
643
0
112
0
349
0
688
0
253
0
391
1
257
0
220
0
833
0
48
0
766
0
318
0
540
0
934
1
390
0
934
0
463
0
362
0
269
0
960
0
409
0
284
1
924
0
966
0
133
0
536
0
594
0
743
0
758
0
975
1
261
0
792
0
742
0
97
0
702
0
246
0
678
0
748
1
443
0
541
0
984
0
660
0
845
0
279
0
776
0
495
1
178
0
508
0
465
0
859
0
85
0
411
0
604
0
359
1
281
0
555
0
707
0
571
0
389
0
96
0
619
0
124
1
817
0
493
0
944
0
424
0
118
0
682
0
850
0
618
1
420
0
618
0
165
0
451
0
437
0
124
0
47
0
454
1
726
0
52
0
59
0
333
0
206
0
494
0
242
0
909
1
951
0
614
0
193
0
475
0
746
0
246
0
725
0
785
1
239
0
157
0
715
0
113
0
866
0
704
0
428
0
533
1
464
0
88
0
598
0
393
0
825
0
673
0
614
0
910
1
712
0
714
0
128
0
363
0
781
0
597
0
473
0
2
1
187
0
148
0
876
0
564
0
581
0
166
0
49
0
994
1
460
0
885
0
676
0
897
0
748
0
933
0
857
0
809
1
684
0
740
0
341
0
234
0
964
0
272
0
55
0
156
1
313
0
257
0
22
0
521
0
532
0
181
0
252
0
569
1
401
0
377
0
960
0
546
0
458
0
11
0
921
0
770
1
715
0
113
0
430
0
779
0
345
0
941
0
675
0
241
1
356
0
352
0
574
0
83
0
180
0
447
0
832
0
675
1
271
0
599
0
751
0
44
0
336
0
953
0
319
0
767
1
356
0
937
0
352
0
754
0
637
0
265
0
283
0
134
1
529
0
517
0
687
0
763
0
85
0
27
0
672
0
610
1
131
0
441
0
343
0
454
0
571
0
874
0
732
0
304
1
550
0
302
0
432
0
542
0
669
0
765
0
983
0
16
1
312
0
336
0
162
0
862
0
819
0
53
0
491
0
617
1
346
0
789
0
81
0
925
0
469
0
443
0
460
0
519
1
870
0
915
0
906
0
409
0
71
0
252
0
792
0
583
1
801
0
620
0
116
0
493
0
992
0
334
0
183
0
639
1
298
0
34
0
320
0
612
0
206
0
498
0
803
0
344
1
393
0
685
0
105
0
613
0
827
0
722
0
721
0
765
1
456
0
114
0
500
0
263
0
267
0
81
0
510
0
747
1
85
0
67
0
49
0
468
0
171
0
736
0
603
0
169
1
869
0
483
0
863
0
495
0
435
0
141
0
841
0
959
1
954
0
184
0
627
0
919
0
404
0
675
0
757
0
152
1
718
0
409
0
185
0
220
0
595
0
814
0
652
0
506
1
445
0
24
0
129
0
143
0
27
0
317
0
768
0
138
1
55
0
975
0
747
0
611
0
358
0
105
0
368
0
305
1
170
0
684
0
923
0
632
0
693
0
794
0
179
0
484
1
443
0
62
0
437
0
692
0
522
0
206
0
470
0
733
1
742
0
167
0
689
0
698
0
973
0
444
0
888
0
717
1
193
0
914
0
615
0
141
0
916
0
674
0
285
0
532
1
189
0
891
0
540
0
883
0
256
0
380
0
367
0
244
1
500
0
60
0
603
0
892
0
454
0
398
0
622
0
83
1
635
0
92
0
589
0
233
0
827
0
246
0
937
0
311
1
145
0
783
0
49
0
167
0
935
0
917
0
763
0
17
1
902
0
459
0
731
0
500
0
515
0
900
0
374
0
381
1
293
0
30
0
49
0
646
0
754
0
417
0
930
0
806
1
473
0
11
0
216
0
449
0
267
0
321
0
175
0
756
1
803
0
764
0
579
0
47
0
836
0
717
0
830
0
599
1
90
0
374
0
532
0
351
0
200
0
191
0
475
0
498
1
137
0
842
0
33
0
304
0
306
0
131
0
653
0
251
1
740
0
583
0
751
0
468
0
911
0
376
0
364
0
951
1
730
0
3
0
18
0
552
0
264
0
263
0
450
0
152
1
628
0
217
0
427
0
688
0
293
0
944
0
394
0
616
1
508
0
50
0
519
0
453
0
954
0
33
0
716
0
981
1
351
0
582
0
799
0
96
0
933
0
472
0
518
0
861
1
883
0
577
0
258
0
965
0
861
0
886
0
699
0
584
1
625
0
808
0
179
0
779
0
404
0
220
0
952
0
339
1
267
0
963
0
609
0
673
0
550
0
230
0
457
0
105
1
918
0
339
0
577
0
752
0
767
0
508
0
552
0
297
1
385
0
586
0
198
0
69
0
737
0
950
0
494
0
725
1
620
0
495
0
714
0
597
0
811
0
61
0
904
0
830
1
105
0
737
0
769
0
976
0
402
0
159
0
626
0
875
1
398
0
673
0
724
0
544
0
179
0
769
0
415
0
665
1
217
0
826
0
331
0
905
0
366
0
260
0
358
0
25
1
138
0
890
0
882
0
88
0
988
0
26
0
390
0
718
1
563
0
144
0
524
0
998
0
738
0
615
0
195
0
902
1
411
0
253
0
115
0
780
0
300
0
306
0
365
0
598
1
198
0
989
0
749
0
846
0
594
0
699
0
392
0
569
1
638
0
301
0
743
0
618
0
869
0
517
0
334
0
639
1
677
0
372
0
702
0
751
0
938
0
691
0
174
0
703
1
760
0
140
0
833
0
96
0
501
0
268
0
192
0
399
1
277
0
343
0
272
0
497
0
199
0
152
0
94
0
728
1
301
0
500
0
495
0
526
0
473
0
442
0
45
0
709
1
546
0
681
0
435
0
72
0
710
0
493
0
201
0
394
1
457
0
112
0
979
0
545
0
300
0
641
0
820
0
526
1
961
0
404
0
648
0
780
0
435
0
598
0
814
0
883
1
154
0
707
0
93
0
152
0
964
0
213
0
174
0
747
1
423
0
723
0
422
0
572
0
978
0
124
0
175
0
826
1
4
0
718
0
805
0
538
0
500
0
776
0
555
0
888
1
687
0
664
0
760
0
981
0
72
0
137
0
276
0
494
1
146
0
685
0
932
0
148
0
913
0
771
0
877
0
429
1
127
0
141
0
189
0
399
0
66
0
265
0
205
0
412
1
114
0
626
0
802
0
102
0
609
0
906
0
787
0
321
1
683
0
974
0
669
0
503
0
772
0
6
0
266
0
828
1
561
0
168
0
521
0
847
0
398
0
711
0
278
0
673
1
687
0
541
0
66
0
741
0
74
0
146
0
365
0
444
1
169
0
288
0
64
0
939
0
958
0
741
0
151
0
28
1
192
0
748
0
659
0
46
0
146
0
0
0
110
0
98
1
433
0
798
0
615
0
507
0
414
0
326
0
430
0
817
1
250
0
197
0
58
0
490
0
774
0
875
0
877
0
621
1
349
0
852
0
593
0
901
0
169
0
773
0
315
0
270
1
770
0
684
0
118
0
151
0
13
0
596
0
3
0
899
1
33
0
236
0
884
0
382
0
549
0
507
0
40
0
337
1
869
0
619
0
784
0
595
0
699
0
271
0
168
0
796
1
489
0
681
0
298
0
566
0
597
0
757
0
588
0
250
1
534
0
388
0
369
0
340
0
299
0
941
0
373
0
301
1
915
0
950
0
850
0
603
0
551
0
155
0
344
0
839
1
907
0
313
0
826
0
146
0
227
0
538
0
579
0
628
1
330
0
701
0
414
0
779
0
662
0
977
0
213
0
437
1
720
0
270
0
338
0
859
0
303
0
376
0
865
0
402
1
508
0
704
0
606
0
294
0
391
0
393
0
875
0
909
1
81
0
756
0
106
0
821
0
979
0
137
0
137
0
683
1
372
0
419
0
187
0
449
0
216
0
214
0
474
0
419
1
955
0
751
0
275
0
191
0
837
0
992
0
642
0
190
1
583
0
86
0
156
0
747
0
411
0
161
0
4
0
271
1
306
0
400
0
13
0
279
0
616
0
327
0
86
0
267
1
49
0
830
0
163
0
659
0
679
0
311
0
728
0
967
1
603
0
931
0
208
0
764
0
217
0
849
0
668
0
998
1
720
0
196
0
176
0
175
0
238
0
800
0
215
0
618
1
235
0
345
0
742
0
508
0
772
0
432
0
838
0
656
1
536
0
875
0
395
0
877
0
975
0
632
0
370
0
287
1
245
0
374
0
863
0
774
0
286
0
752
0
900
0
774
1
236
0
854
0
109
0
988
0
676
0
601
0
392
0
794
1
359
0
163
0
435
0
776
0
516
0
17
0
806
0
175
1
83
0
735
0
719
0
179
0
940
0
878
0
364
0
932
1
749
0
308
0
187
0
505
0
482
0
624
0
565
0
306
1
767
0
784
0
385
0
432
0
849
0
577
0
764
0
139
1
283
0
106
0
774
0
639
0
349
0
374
0
529
0
956
1
878
0
364
0
475
0
89
0
418
0
492
0
242
0
101
1
422
0
176
0
815
0
825
0
280
0
333
0
947
0
797
1
780
0
205
0
502
0
206
0
593
0
27
0
694
0
0
1
731
0
42
0
140
0
390
0
441
0
793
0
331
0
259
1
798
0
703
0
10
0
212
0
589
0
615
0
201
0
164
1
757
0
72
0
384
0
459
0
148
0
988
0
258
0
564
1
152
0
811
0
704
0
202
0
641
0
323
0
426
0
758
1
666
0
254
0
281
0
23
0
110
0
984
0
864
0
415
1
431
0
68
0
33
0
590
0
873
0
738
0
244
0
590
1
253
0
871
0
833
0
690
0
474
0
865
0
775
0
155
1
206
0
796
0
765
0
360
0
347
0
958
0
85
0
257
1
444
0
140
0
961
0
184
0
894
0
327
0
477
0
37
1
828
0
439
0
580
0
509
0
234
0
962
0
311
0
278
1
187
0
80
0
912
0
825
0
886
0
454
0
541
0
869
1
283
0
222
0
407
0
44
0
268
0
287
0
682
0
44
1
134
0
710
0
55
0
204
0
95
0
569
0
989
0
792
1
697
0
947
0
759
0
372
0
948
0
786
0
398
0
393
1
458
0
209
0
911
0
335
0
308
0
609
0
856
0
591
1
658
0
299
0
195
0
2
0
632
0
355
0
917
0
892
1
460
0
178
0
864
0
191
0
99
0
66
0
421
0
446
1
507
0
894
0
829
0
263
0
419
0
966
0
718
0
387
1
919
0
492
0
11
0
277
0
224
0
750
0
628
0
612
1
48
0
320
0
5
0
975
0
659
0
117
0
338
0
548
1
25
0
330
0
112
0
621
0
168
0
463
0
887
0
336
1
142
0
147
0
172
0
50
0
516
0
851
0
850
0
927
1
62
0
326
0
448
0
336
0
102
0
56
0
46
0
529
1
409
0
793
0
257
0
406
0
17
0
113
0
462
0
586
1
754
0
3
0
331
0
387
0
880
0
267
0
801
0
493
1
821
0
717
0
406
0
465
0
897
0
132
0
287
0
482
1
906
0
339
0
106
0
221
0
731
0
539
0
929
0
130
1
80
0
570
0
898
0
635
0
831
0
636
0
732
0
127
1
258
0
457
0
469
0
644
0
409
0
163
0
886
0
647
1
405
0
778
0
120
0
617
0
975
0
781
0
319
0
640
1
711
0
943
0
172
0
126
0
233
0
748
0
345
0
2
1
225
0
551
0
630
0
954
0
639
0
9
0
144
0
322
1
422
0
664
0
937
0
819
0
622
0
570
0
91
0
291
1
73
0
852
0
973
0
644
0
459
0
939
0
504
0
436
1
298
0
878
0
108
0
625
0
125
0
942
0
203
0
79
1
153
0
772
0
343
0
903
0
390
0
829
0
711
0
341
1
729
0
924
0
532
0
902
0
363
0
180
0
130
0
524
1
502
0
152
0
947
0
344
0
415
0
858
0
637
0
587
1
319
0
348
0
844
0
449
0
163
0
606
0
218
0
658
1
340
0
788
0
690
0
446
0
385
0
19
0
348
0
69
1
936
0
153
0
146
0
464
0
211
0
262
0
817
0
295
1
247
0
218
0
428
0
48
0
144
0
924
0
251
0
857
1
897
0
685
0
0
0
458
0
175
0
79
0
746
0
610
1
37
0
501
0
626
0
132
0
122
0
736
0
899
0
189
1
190
0
314
0
55
0
557
0
12
0
531
0
20
0
136
1
977
0
686
0
277
0
712
0
755
0
504
0
973
0
737
1
740
0
772
0
110
0
616
0
390
0
285
0
991
0
809
1
288
0
89
0
733
0
204
0
823
0
847
0
120
0
794
1
16
0
301
0
478
0
234
0
233
0
272
0
461
0
699
1
911
0
488
0
842
0
261
0
250
0
319
0
647
0
264
1
989
0
423
0
968
0
984
0
746
0
117
0
190
0
756
1
306
0
758
0
805
0
346
0
74
0
556
0
912
0
984
1
169
0
308
0
644
0
697
0
206
0
8
0
802
0
211
1
926
0
772
0
950
0
897
0
675
0
319
0
133
0
202
1
0
0
440
0
163
0
12
0
0
0
266
0
650
0
966
1
239
0
630
0
927
0
602
0
97
0
660
0
918
0
915
1
470
0
237
0
717
0
488
0
439
0
903
0
558
0
604
1
698
0
830
0
151
0
562
0
656
0
716
0
755
0
362
1
920
0
821
0
507
0
730
0
517
0
881
0
47
0
948
1
74
0
822
0
406
0
648
0
966
0
778
0
206
0
318
1
563
0
362
0
5
0
834
0
752
0
362
0
542
0
916
1
214
0
986
0
279
0
114
0
935
0
800
0
430
0
773
1
442
0
584
0
940
0
117
0
795
0
93
0
298
0
714
1
880
0
74
0
360
0
760
0
87
0
442
0
373
0
710
1
538
0
976
0
960
0
683
0
653
0
708
0
660
0
245
1
382
0
323
0
923
0
607
0
362
0
474
0
553
0
854
1
161
0
614
0
617
0
961
0
152
0
186
0
94
0
467
1
220
0
78
0
991
0
135
0
750
0
401
0
893
0
702
1
194
0
171
0
809
0
423
0
17
0
586
0
126
0
284
1
543
0
895
0
918
0
636
0
535
0
603
0
753
0
35
1
130
0
555
0
896
0
370
0
966
0
933
0
183
0
420
1
811
0
678
0
224
0
791
0
889
0
666
0
268
0
75
1
853
0
239
0
701
0
410
0
530
0
455
0
320
0
572
1
245
0
120
0
982
0
78
0
233
0
505
0
809
0
782
1
56
0
643
0
555
0
413
0
195
0
921
0
441
0
137
1
464
0
102
0
383
0
238
0
491
0
594
0
286
0
417
1
472
0
640
0
464
0
945
0
556
0
975
0
116
0
266
1
571
0
499
0
189
0
311
0
155
0
848
0
845
0
611
1
528
0
666
0
270
0
948
0
97
0
347
0
393
0
581
1
496
0
602
0
632
0
719
0
687
0
708
0
77
0
115
1
310
0
866
0
302
0
758
0
937
0
655
0
576
0
114
1
917
0
684
0
184
0
476
0
171
0
970
0
873
0
159
1
421
0
676
0
87
0
701
0
470
0
150
0
282
0
5
1
254
0
13
0
350
0
166
0
155
0
445
0
535
0
974
1
827
0
761
0
922
0
839
0
526
0
994
0
335
0
575
1
672
0
399
0
827
0
402
0
84
0
94
0
313
0
862
1
964
0
532
0
560
0
931
0
317
0
319
0
944
0
61
1
999
0
597
0
974
0
847
0
706
0
400
0
872
0
830
1
908
0
625
0
602
0
583
0
527
0
877
0
766
0
278
1
272
0
184
0
977
0
196
0
985
0
477
0
386
0
956
1
705
0
32
0
775
0
826
0
745
0
424
0
656
0
456
1
71
0
980
0
68
0
959
0
967
0
737
0
242
0
790
1
605
0
701
0
160
0
466
0
88
0
699
0
783
0
674
1
528
0
171
0
128
0
582
0
296
0
229
0
143
0
660
1
599
0
34
0
85
0
606
0
824
0
848
0
357
0
315
1
57
0
792
0
972
0
560
0
72
0
917
0
275
0
475
1
449
0
579
0
856
0
100
0
893
0
41
0
832
0
385
1
93
0
500
0
354
0
956
0
980
0
954
0
949
0
387
1
58
0
472
0
457
0
51
0
309
0
712
0
851
0
66
1
545
0
43
0
922
0
216
0
24
0
175
0
30
0
825
1
157
0
325
0
216
0
514
0
762
0
482
0
404
0
389
1
602
0
655
0
524
0
650
0
449
0
215
0
654
0
556
1
7
0
244
0
102
0
574
0
867
0
863
0
918
0
344
1
524
0
850
0
97
0
866
0
483
0
859
0
847
0
75
1
84
0
888
0
290
0
166
0
436
0
850
0
904
0
554
1
844
0
144
0
529
0
693
0
51
0
728
0
648
0
772
1
842
0
755
0
599
0
938
0
752
0
478
0
403
0
946
1
422
0
553
0
438
0
922
0
173
0
390
0
867
0
430
1
371
0
344
0
148
0
782
0
941
0
726
0
527
0
70
1
718
0
506
0
959
0
0
0
486
0
554
0
359
0
327
1
622
0
98
0
137
0
410
0
391
0
987
0
381
0
500
1
442
0
284
0
501
0
316
0
298
0
316
0
325
0
310
1
302
0
945
0
448
0
509
0
274
0
25
0
893
0
507
1
109
0
794
0
720
0
654
0
158
0
112
0
149
0
769
1
55
0
651
0
656
0
452
0
836
0
545
0
432
0
73
1
77
0
471
0
322
0
997
0
750
0
992
0
281
0
406
1
295
0
15
0
242
0
471
0
72
0
23
0
454
0
733
1
309
0
309
0
177
0
509
0
807
0
806
0
744
0
21
1
194
0
851
0
575
0
707
0
243
0
517
0
104
0
262
1
546
0
142
0
968
0
727
0
269
0
710
0
419
0
851
1
709
0
998
0
216
0
480
0
241
0
93
0
839
0
625
1
592
0
989
0
350
0
984
0
485
0
825
0
803
0
639
1
611
0
965
0
892
0
772
0
743
0
650
0
594
0
750
1
485
0
925
0
212
0
704
0
635
0
394
0
448
0
489
1
378
0
818
0
796
0
436
0
994
0
950
0
731
0
403
1
109
0
7
0
683
0
540
0
348
0
180
0
490
0
381
1
709
0
335
0
281
0
561
0
646
0
773
0
929
0
223
1
916
0
439
0
18
0
923
0
220
0
801
0
235
0
75
1
970
0
871
0
411
0
352
0
80
0
263
0
982
0
583
1
622
0
183
0
59
0
291
0
144
0
644
0
266
0
609
1
517
0
84
0
331
0
512
0
603
0
73
0
761
0
522
1
920
0
386
0
486
0
620
0
220
0
695
0
176
0
822
1
322
0
328
0
209
0
655
0
357
0
755
0
612
0
960
1
639
0
489
0
203
0
595
0
277
0
332
0
894
0
368
1
22
0
831
0
542
0
379
0
530
0
602
0
439
0
982
1
552
0
672
0
924
0
335
0
655
0
951
0
892
0
573
1
582
0
947
0
626
0
60
0
151
0
983
0
690
0
635
1
733
0
321
0
919
0
238
0
863
0
593
0
322
0
773
1
397
0
230
0
341
0
816
0
495
0
69
0
94
0
349
1
445
0
351
0
895
0
160
0
585
0
269
0
986
0
270
1
153
0
666
0
177
0
597
0
368
0
422
0
451
0
179
1
724
0
435
0
419
0
842
0
250
0
78
0
907
0
997
1
597
0
203
0
574
0
602
0
526
0
797
0
10
0
364
1
902
0
129
0
748
0
923
0
798
0
293
0
766
0
394
1
983
0
475
0
283
0
917
0
510
0
932
0
948
0
661
1
55
0
19
0
83
0
162
0
754
0
583
0
435
0
812
1
555
0
68
0
707
0
5
0
331
0
678
0
896
0
806
1
493
0
395
0
951
0
541
0
235
0
988
0
100
0
120
1
598
0
600
0
372
0
633
0
388
0
478
0
991
0
941
1
91
0
892
0
362
0
658
0
932
0
313
0
681
0
853
1
267
0
891
0
697
0
334
0
179
0
533
0
954
0
433
1
374
0
521
0
836
0
193
0
194
0
534
0
345
0
674
1
47
0
782
0
16
0
179
0
493
0
223
0
162
0
935
1
251
0
956
0
117
0
375
0
938
0
319
0
750
0
781
1
192
0
141
0
795
0
487
0
40
0
334
0
102
0
382
1
830
0
679
0
574
0
371
0
208
0
478
0
112
0
461
1
976
0
169
0
755
0
113
0
615
0
180
0
928
0
94
1
772
0
893
0
504
0
267
0
369
0
605
0
727
0
288
1
310
0
926
0
255
0
534
0
359
0
259
0
984
0
180
1
168
0
529
0
322
0
991
0
754
0
296
0
293
0
701
1
125
0
941
0
840
0
581
0
565
0
48
0
774
0
503
1
841
0
236
0
126
0
252
0
78
0
816
0
353
0
705
1
362
0
762
0
807
0
286
0
620
0
435
0
722
0
501
1
201
0
826
0
356
0
433
0
994
0
561
0
445
0
469
1
1
0
854
0
76
0
709
0
394
0
495
0
734
0
653
1
527
0
742
0
445
0
405
0
43
0
940
0
400
0
813
1
168
0
749
0
968
0
771
0
651
0
199
0
938
0
478
1
725
0
552
0
856
0
701
0
293
0
36
0
371
0
425
1
713
0
568
0
115
0
140
0
428
0
518
0
646
0
317
1
969
0
309
0
615
0
826
0
237
0
483
0
270
0
192
1
483
0
458
0
710
0
777
0
857
0
189
0
499
0
642
1
935
0
254
0
794
0
808
0
352
0
101
0
547
0
311
1
953
0
190
0
73
0
271
0
782
0
464
0
746
0
267
1
68
0
974
0
121
0
599
0
473
0
780
0
521
0
533
1
751
0
343
0
436
0
52
0
704
0
881
0
74
0
182
1
788
0
23
0
525
0
221
0
757
0
273
0
729
0
353
1
267
0
310
0
489
0
104
0
700
0
434
0
444
0
34
1
491
0
797
0
783
0
584
0
833
0
408
0
788
0
441
1
225
0
446
0
608
0
689
0
197
0
365
0
474
0
894
1
703
0
225
0
670
0
831
0
810
0
107
0
178
0
148
1
598
0
947
0
440
0
981
0
25
0
767
0
698
0
408
1
11
0
766
0
964
0
193
0
331
0
693
0
987
0
896
1
445
0
285
0
204
0
698
0
677
0
464
0
911
0
909
1
916
0
150
0
457
0
269
0
169
0
328
0
65
0
875
1
692
0
120
0
978
0
688
0
843
0
891
0
495
0
838
1
679
0
948
0
566
0
943
0
665
0
23
0
275
0
93
1
30
0
550
0
21
0
717
0
882
0
251
0
525
0
248
1
305
0
355
0
410
0
392
0
368
0
507
0
370
0
267
1
489
0
322
0
851
0
503
0
957
0
443
0
752
0
715
1
572
0
661
0
47
0
509
0
985
0
592
0
927
0
61
1
425
0
702
0
494
0
181
0
121
0
980
0
992
0
19
1
727
0
644
0
629
0
893
0
441
0
321
0
329
0
336
1
738
0
973
0
551
0
797
0
723
0
690
0
807
0
9
1
726
0
235
0
348
0
631
0
509
0
215
0
739
0
412
1
825
0
202
0
317
0
646
0
815
0
527
0
997
0
626
1
197
0
141
0
989
0
952
0
354
0
837
0
651
0
318
1
467
0
654
0
401
0
94
0
945
0
693
0
850
0
492
1
640
0
508
0
896
0
97
0
675
0
421
0
179
0
885
1
539
0
92
0
804
0
692
0
254
0
302
0
23
0
920
1
988
0
178
0
823
0
366
0
797
0
195
0
59
0
136
1
911
0
559
0
918
0
526
0
307
0
7
0
237
0
514
1
270
0
386
0
289
0
815
0
158
0
760
0
468
0
605
1
530
0
889
0
56
0
436
0
756
0
864
0
531
0
641
1
507
0
343
0
815
0
842
0
416
0
24
0
126
0
858
1
74
0
381
0
562
0
442
0
517
0
476
0
218
0
45
1
53
0
715
0
633
0
613
0
585
0
684
0
873
0
591
1
859
0
157
0
405
0
456
0
12
0
94
0
43
0
467
1
275
0
160
0
432
0
640
0
54
0
135
0
614
0
730
1
449
0
523
0
705
0
173
0
99
0
273
0
791
0
105
1
193
0
105
0
805
0
424
0
186
0
611
0
62
0
240
1
193
0
219
0
766
0
982
0
17
0
214
0
157
0
512
1
739
0
632
0
816
0
692
0
554
0
956
0
169
0
418
1
536
0
279
0
46
0
898
0
137
0
377
0
895
0
996
1
501
0
361
0
257
0
659
0
956
0
252
0
432
0
44
1
977
0
857
0
169
0
361
0
849
0
716
0
37
0
796
1
893
0
309
0
481
0
938
0
866
0
60
0
978
0
558
1
2
0
396
0
303
0
559
0
20
0
785
0
327
0
144
1
502
0
279
0
16
0
505
0
226
0
560
0
193
0
279
1
559
0
602
0
56
0
917
0
478
0
883
0
605
0
349
1
557
0
857
0
88
0
847
0
177
0
203
0
94
0
924
1
700
0
253
0
582
0
735
0
542
0
788
0
57
0
337
1
271
0
927
0
904
0
824
0
458
0
13
0
32
0
4
1
86
0
609
0
840
0
502
0
918
0
943
0
339
0
901
1
408
0
738
0
601
0
685
0
947
0
627
0
176
0
406
1
81
0
896
0
327
0
815
0
252
0
54
0
267
0
109
1
653
0
173
0
163
0
612
0
263
0
703
0
574
0
368
1
898
0
836
0
805
0
488
0
220
0
45
0
514
0
184
1
74
0
810
0
863
0
738
0
660
0
586
0
908
0
288
1
246
0
743
0
8
0
313
0
154
0
596
0
432
0
742
1
619
0
172
0
310
0
655
0
357
0
265
0
377
0
350
1
800
0
621
0
386
0
992
0
747
0
400
0
423
0
691
1
454
0
278
0
344
0
513
0
727
0
548
0
598
0
968
1
670
0
383
0
539
0
467
0
60
0
834
0
477
0
248
1
78
0
162
0
525
0
982
0
320
0
815
0
484
0
459
1
236
0
561
0
916
0
352
0
953
0
588
0
28
0
738
1
400
0
962
0
630
0
62
0
634
0
196
0
506
0
552
1
694
0
693
0
174
0
751
0
599
0
490
0
685
0
320
1
401
0
857
0
891
0
518
0
948
0
126
0
387
0
331
1
65
0
860
0
799
0
678
0
185
0
806
0
71
0
289
1
325
0
274
0
462
0
421
0
344
0
358
0
893
0
740
1
97
0
459
0
178
0
267
0
461
0
50
0
212
0
730
1
457
0
511
0
605
0
810
0
581
0
753
0
266
0
874
1
467
0
730
0
279
0
517
0
831
0
866
0
75
0
971
1
113
0
522
0
627
0
978
0
373
0
79
0
667
0
458
1
140
0
78
0
854
0
978
0
475
0
174
0
118
0
522
1
969
0
334
0
87
0
798
0
431
0
812
0
742
0
963
1
448
0
567
0
216
0
73
0
959
0
770
0
989
0
965
1
311
0
30
0
155
0
258
0
941
0
914
0
470
0
652
1
874
0
66
0
765
0
648
0
102
0
305
0
112
0
651
1
830
0
411
0
229
0
6
0
14
0
4
0
34
0
387
1
705
0
879
0
285
0
958
0
349
0
356
0
488
0
435
1
332
0
586
0
496
0
520
0
492
0
724
0
652
0
958
1
792
0
106
0
826
0
930
0
808
0
199
0
533
0
10
1
220
0
387
0
619
0
886
0
750
0
876
0
99
0
341
1
516
0
750
0
947
0
545
0
149
0
84
0
264
0
368
1
523
0
945
0
879
0
704
0
478
0
392
0
856
0
421
1
634
0
324
0
794
0
314
0
871
0
981
0
625
0
11
1
510
0
400
0
12
0
122
0
259
0
505
0
931
0
822
1
869
0
775
0
78
0
444
0
739
0
189
0
865
0
481
1
657
0
665
0
540
0
557
0
919
0
338
0
438
0
21
1
827
0
571
0
665
0
718
0
349
0
302
0
640
0
33
1
312
0
223
0
893
0
847
0
177
0
598
0
864
0
922
1
71
0
816
0
778
0
885
0
867
0
875
0
688
0
417
1
289
0
212
0
66
0
630
0
44
0
255
0
731
0
482
1
199
0
514
0
883
0
337
0
248
0
271
0
231
0
657
1
143
0
572
0
170
0
704
0
724
0
720
0
365
0
316
1
615
0
460
0
195
0
975
0
993
0
683
0
704
0
605
1
776
0
423
0
199
0
740
0
423
0
746
0
145
0
367
1
211
0
815
0
643
0
951
0
90
0
411
0
265
0
238
1
63
0
210
0
199
0
641
0
976
0
50
0
423
0
361
1
641
0
302
0
764
0
862
0
553
0
432
0
397
0
225
1
569
0
351
0
757
0
260
0
653
0
80
0
463
0
809
1
811
0
676
0
822
0
868
0
33
0
406
0
339
0
733
1
211
0
415
0
816
0
438
0
705
0
392
0
857
0
733
1
287
0
827
0
578
0
78
0
375
0
751
0
491
0
129
1
873
0
270
0
545
0
635
0
642
0
196
0
30
0
636
1
570
0
318
0
592
0
188
0
799
0
805
0
471
0
106
1
616
0
806
0
936
0
611
0
516
0
479
0
551
0
619
1
128
0
919
0
705
0
20
0
831
0
827
0
127
0
112
1
171
0
617
0
790
0
596
0
330
0
290
0
612
0
611
1
93
0
825
0
957
0
707
0
338
0
803
0
331
0
41
1
673
0
962
0
52
0
220
0
603
0
986
0
37
0
456
1
486
0
86
0
101
0
778
0
677
0
152
0
772
0
603
1
764
0
676
0
282
0
787
0
610
0
431
0
796
0
3
1
239
0
433
0
736
0
382
0
61
0
708
0
642
0
293
1
770
0
224
0
872
0
182
0
403
0
29
0
112
0
624
1
245
0
572
0
473
0
406
0
333
0
619
0
214
0
941
1
584
0
363
0
319
0
508
0
436
0
919
0
346
0
687
1
973
0
674
0
63
0
192
0
619
0
229
0
937
0
419
1
177
0
333
0
632
0
891
0
217
0
317
0
563
0
926
1
490
0
869
0
162
0
66
0
203
0
831
0
306
0
779
1
426
0
297
0
602
0
91
0
549
0
324
0
466
0
932
1
306
0
256
0
380
0
749
0
930
0
866
0
434
0
238
1
831
0
731
0
663
0
465
0
127
0
654
0
946
0
143
1
689
0
765
0
660
0
436
0
732
0
8
0
139
0
721
1
830
0
28
0
175
0
636
0
922
0
868
0
361
0
294
1
827
0
23
0
548
0
233
0
605
0
774
0
859
0
579
1
235
0
471
0
282
0
771
0
138
0
578
0
105
0
255
1
949
0
272
0
275
0
640
0
906
0
699
0
901
0
787
1
657
0
655
0
121
0
324
0
165
0
475
0
762
0
561
1
843
0
779
0
210
0
496
0
96
0
253
0
32
0
38
1
703
0
837
0
933
0
541
0
15
0
416
0
741
0
737
1
578
0
498
0
83
0
968
0
34
0
252
0
292
0
412
1
15
0
269
0
854
0
902
0
372
0
684
0
234
0
680
1
111
0
951
0
508
0
494
0
910
0
779
0
915
0
258
1
663
0
865
0
596
0
572
0
224
0
273
0
441
0
994
1
421
0
918
0
135
0
953
0
784
0
334
0
565
0
272
1
195
0
836
0
912
0
637
0
321
0
315
0
907
0
919
1
122
0
825
0
812
0
760
0
117
0
941
0
274
0
524
1
672
0
471
0
210
0
946
0
51
0
523
0
745
0
398
1
978
0
610
0
844
0
520
0
89
0
805
0
643
0
349
1
354
0
774
0
356
0
743
0
953
0
101
0
755
0
772
1
737
0
443
0
751
0
792
0
624
0
695
0
488
0
632
1
525
0
347
0
365
0
109
0
458
0
642
0
802
0
872
1
60
0
48
0
790
0
80
0
255
0
45
0
106
0
109
1
383
0
760
0
558
0
24
0
913
0
829
0
126
0
201
1
912
0
602
0
849
0
268
0
467
0
284
0
330
0
961
1
571
0
0
0
887
0
959
0
11
0
752
0
167
0
677
1
48
0
685
0
129
0
173
0
56
0
100
0
847
0
933
1
359
0
918
0
49
0
346
0
172
0
639
0
814
0
595
1
882
0
403
0
678
0
799
0
858
0
480
0
546
0
589
1
46
0
156
0
109
0
334
0
952
0
308
0
844
0
89
1
865
0
701
0
888
0
587
0
670
0
699
0
405
0
8
1
165
0
948
0
714
0
226
0
261
0
888
0
217
0
101
1
35
0
296
0
401
0
45
0
777
0
191
0
462
0
597
1
441
0
521
0
35
0
325
0
751
0
711
0
357
0
799
1
444
0
628
0
328
0
430
0
143
0
568
0
864
0
819
1
174
0
110
0
38
0
997
0
938
0
923
0
258
0
316
1
240
0
990
0
535
0
27
0
860
0
630
0
922
0
24
1
192
0
749
0
532
0
576
0
986
0
119
0
231
0
524
1
836
0
222
0
965
0
978
0
213
0
606
0
188
0
402
1
45
0
200
0
638
0
30
0
157
0
205
0
693
0
372
1
677
0
497
0
564
0
547
0
111
0
201
0
416
0
296
1
864
0
762
0
429
0
772
0
463
0
792
0
741
0
963
1
350
0
503
0
363
0
828
0
198
0
2
0
358
0
488
1
695
0
862
0
737
0
601
0
668
0
209
0
895
0
304
1
549
0
332
0
364
0
947
0
982
0
411
0
446
0
881
1
597
0
37
0
522
0
99
0
721
0
140
0
427
0
210
1
221
0
971
0
110
0
583
0
300
0
223
0
241
0
530
1
439
0
59
0
625
0
754
0
842
0
676
0
419
0
821
1
468
0
677
0
74
0
598
0
445
0
336
0
415
0
505
1
754
0
194
0
951
0
203
0
252
0
442
0
470
0
42
1
590
0
118
0
41
0
974
0
621
0
289
0
137
0
908
1
434
0
421
0
532
0
805
0
11
0
121
0
941
0
647
1
720
0
223
0
483
0
503
0
24
0
461
0
112
0
978
1
724
0
485
0
840
0
167
0
931
0
611
0
697
0
10
1
29
0
59
0
945
0
279
0
892
0
517
0
891
0
553
1
163
0
910
0
956
0
959
0
522
0
564
0
626
0
801
1
82
0
685
0
675
0
349
0
411
0
533
0
723
0
8
1
270
0
58
0
784
0
635
0
156
0
165
0
880
0
948
1
597
0
392
0
90
0
686
0
724
0
654
0
674
0
278
1
759
0
908
0
821
0
42
0
173
0
58
0
28
0
624
1
945
0
5
0
966
0
57
0
323
0
740
0
734
0
920
1
261
0
61
0
180
0
19
0
786
0
300
0
127
0
325
1
98
0
887
0
8
0
269
0
67
0
785
0
746
0
758
1
370
0
913
0
269
0
468
0
767
0
430
0
321
0
736
1
326
0
857
0
216
0
688
0
250
0
87
0
412
0
238
1
372
0
762
0
232
0
323
0
201
0
451
0
915
0
504
1
345
0
878
0
454
0
201
0
580
0
569
0
127
0
871
1
879
0
122
0
502
0
424
0
532
0
349
0
293
0
572
1
896
0
207
0
836
0
367
0
621
0
313
0
826
0
350
1
464
0
916
0
152
0
576
0
53
0
454
0
807
0
243
1
846
0
239
0
850
0
807
0
218
0
603
0
414
0
147
1
99
0
923
0
333
0
306
0
608
0
26
0
186
0
673
1
672
0
521
0
303
0
24
0
320
0
255
0
451
0
683
1
860
0
913
0
799
0
172
0
298
0
706
0
519
0
695
1
444
0
543
0
854
0
498
0
851
0
169
0
282
0
302
1
369
0
208
0
134
0
14
0
23
0
945
0
558
0
955
1
5
0
84
0
181
0
473
0
40
0
284
0
899
0
90
1
429
0
755
0
755
0
477
0
756
0
626
0
320
0
363
1
567
0
514
0
703
0
910
0
154
0
762
0
303
0
870
1
93
0
605
0
781
0
432
0
813
0
103
0
916
0
101
1
121
0
748
0
58
0
573
0
47
0
117
0
350
0
727
1
566
0
656
0
534
0
982
0
415
0
10
0
828
0
361
1
245
0
468
0
88
0
271
0
763
0
288
0
97
0
788
1
572
0
638
0
949
0
605
0
38
0
47
0
489
0
220
1
248
0
949
0
122
0
449
0
306
0
533
0
105
0
213
1
796
0
394
0
532
0
667
0
855
0
39
0
746
0
886
1
839
0
241
0
55
0
913
0
2
0
47
0
629
0
287
1
474
0
990
0
867
0
912
0
998
0
837
0
423
0
916
1
959
0
626
0
408
0
263
0
494
0
760
0
727
0
697
1
459
0
878
0
227
0
89
0
712
0
468
0
387
0
213
1
163
0
804
0
534
0
776
0
811
0
747
0
118
0
945
1
250
0
755
0
307
0
996
0
233
0
510
0
652
0
752
1
193
0
129
0
745
0
692
0
717
0
235
0
12
0
958
1
718
0
8
0
933
0
906
0
430
0
998
0
37
0
499
1
405
0
723
0
378
0
1
0
250
0
49
0
929
0
583
1
841
0
192
0
681
0
527
0
835
0
758
0
60
0
61
1
451
0
133
0
313
0
901
0
133
0
969
0
716
0
362
1
9
0
260
0
288
0
732
0
181
0
248
0
219
0
820
1
208
0
297
0
327
0
399
0
851
0
572
0
960
0
333
1
322
0
768
0
305
0
413
0
896
0
464
0
849
0
679
1
257
0
9
0
251
0
325
0
432
0
886
0
180
0
734
1
569
0
110
0
934
0
825
0
537
0
727
0
785
0
939
1
865
0
545
0
288
0
942
0
770
0
713
0
945
0
942
1
306
0
600
0
670
0
16
0
44
0
48
0
161
0
377
1
958
0
691
0
477
0
200
0
4
0
879
0
823
0
209
1
826
0
178
0
819
0
223
0
902
0
350
0
163
0
37
1
828
0
121
0
978
0
554
0
395
0
51
0
783
0
559
1
820
0
581
0
221
0
253
0
43
0
483
0
703
0
168
1
631
0
389
0
713
0
602
0
963
0
128
0
298
0
453
1
447
0
675
0
869
0
433
0
160
0
953
0
126
0
222
1
515
0
931
0
801
0
735
0
34
0
31
0
727
0
43
1
829
0
73
0
730
0
561
0
370
0
300
0
576
0
415
1
23
0
460
0
212
0
823
0
491
0
491
0
751
0
879
1
492
0
759
0
854
0
787
0
564
0
821
0
477
0
817
1
613
0
172
0
329
0
729
0
763
0
824
0
307
0
463
1
865
0
665
0
9
0
279
0
851
0
679
0
758
0
411
1
714
0
884
0
802
0
428
0
351
0
55
0
340
0
762
1
815
0
592
0
235
0
418
0
948
0
925
0
92
0
915
1
676
0
480
0
262
0
581
0
722
0
114
0
521
0
415
1
779
0
305
0
853
0
907
0
339
0
585
0
87
0
112
1
206
0
74
0
566
0
531
0
530
0
853
0
372
0
748
1
729
0
964
0
16
0
960
0
893
0
405
0
992
0
816
1
972
0
83
0
395
0
29
0
259
0
474
0
109
0
991
1
551
0
901
0
396
0
945
0
278
0
757
0
599
0
986
1
868
0
55
0
262
0
650
0
66
0
163
0
236
0
502
1
65
0
317
0
753
0
699
0
395
0
762
0
524
0
787
1
706
0
297
0
478
0
351
0
947
0
955
0
161
0
402
1
682
0
192
0
800
0
325
0
233
0
88
0
472
0
372
1
587
0
42
0
660
0
700
0
394
0
749
0
902
0
647
1
704
0
576
0
337
0
494
0
651
0
880
0
244
0
433
1
66
0
742
0
905
0
630
0
852
0
682
0
811
0
252
1
288
0
88
0
13
0
707
0
382
0
573
0
824
0
11
1
612
0
502
0
517
0
749
0
69
0
837
0
440
0
409
1
341
0
146
0
933
0
797
0
943
0
706
0
5
0
422
1
343
0
958
0
416
0
678
0
443
0
434
0
782
0
987
1
372
0
976
0
865
0
848
0
203
0
56
0
98
0
618
1
238
0
783
0
340
0
457
0
721
0
354
0
878
0
681
1
721
0
701
0
633
0
988
0
237
0
876
0
105
0
541
1
189
0
20
0
745
0
444
0
524
0
455
0
615
0
521
1
210
0
907
0
622
0
535
0
650
0
14
0
235
0
742
1
611
0
648
0
319
0
548
0
537
0
173
0
834
0
858
1
275
0
46
0
969
0
559
0
39
0
642
0
6
0
931
1
410
0
518
0
278
0
954
0
324
0
550
0
273
0
347
1
503
0
886
0
26
0
59
0
472
0
906
0
805
0
611
1
551
0
143
0
400
0
859
0
1
0
748
0
506
0
249
1
357
0
928
0
497
0
322
0
507
0
393
0
328
0
292
1
943
0
286
0
252
0
158
0
669
0
346
0
200
0
820
1
751
0
550
0
711
0
34
0
250
0
441
0
742
0
613
1
455
0
422
0
532
0
897
0
445
0
883
0
417
0
282
1
339
0
401
0
180
0
762
0
171
0
125
0
185
0
99
1
274
0
786
0
959
0
594
0
92
0
848
0
928
0
441
1
285
0
949
0
937
0
264
0
986
0
294
0
625
0
415
1
774
0
491
0
703
0
905
0
497
0
748
0
228
0
856
1
970
0
12
0
551
0
706
0
261
0
800
0
871
0
781
1
791
0
196
0
371
0
20
0
78
0
507
0
133
0
446
1
526
0
264
0
654
0
847
0
542
0
38
0
675
0
125
1
305
0
568
0
604
0
33
0
769
0
998
0
789
0
440
1
109
0
372
0
374
0
198
0
643
0
481
0
813
0
918
1
921
0
673
0
892
0
511
0
813
0
639
0
76
0
742
1
709
0
971
0
144
0
396
0
25
0
44
0
247
0
37
1
220
0
178
0
873
0
949
0
369
0
650
0
834
0
958
1
313
0
911
0
621
0
338
0
475
0
169
0
808
0
977
1
405
0
677
0
61
0
760
0
455
0
545
0
656
0
622
1
23
0
106
0
380
0
540
0
150
0
724
0
865
0
593
1
906
0
685
0
824
0
207
0
893
0
598
0
559
0
717
1
978
0
111
0
119
0
266
0
839
0
894
0
194
0
555
1
750
0
644
0
499
0
609
0
358
0
140
0
502
0
354
1
567
0
465
0
366
0
666
0
731
0
803
0
445
0
926
1
383
0
509
0
950
0
828
0
185
0
126
0
910
0
186
1
627
0
881
0
105
0
578
0
21
0
396
0
121
0
559
1
345
0
954
0
98
0
488
0
528
0
885
0
912
0
957
1
722
0
956
0
2
0
178
0
187
0
36
0
776
0
95
1
104
0
182
0
671
0
921
0
985
0
397
0
53
0
513
1
761
0
2
0
335
0
127
0
120
0
454
0
865
0
715
1
418
0
75
0
101
0
671
0
511
0
223
0
244
0
508
1
451
0
998
0
475
0
936
0
609
0
147
0
541
0
489
1
865
0
915
0
198
0
105
0
697
0
199
0
423
0
429
1
15
0
404
0
973
0
196
0
428
0
472
0
604
0
376
1
227
0
354
0
138
0
92
0
793
0
262
0
150
0
923
1
903
0
853
0
118
0
96
0
315
0
917
0
64
0
392
1
341
0
842
0
192
0
856
0
933
0
880
0
609
0
363
1
121
0
644
0
983
0
172
0
260
0
998
0
944
0
837
1
403
0
341
0
491
0
34
0
817
0
727
0
552
0
621
1
242
0
515
0
607
0
599
0
764
0
598
0
541
0
711
1
17
0
102
0
345
0
18
0
289
0
318
0
933
0
879
1
13
0
94
0
72
0
597
0
310
0
317
0
312
0
700
1
692
0
510
0
861
0
725
0
98
0
206
0
536
0
79
1
239
0
782
0
866
0
295
0
96
0
664
0
937
0
467
1
48
0
434
0
941
0
811
0
193
0
778
0
345
0
916
1
4
0
973
0
829
0
651
0
933
0
49
0
809
0
578
1
434
0
355
0
475
0
410
0
26
0
741
0
209
0
501
1
42
0
992
0
666
0
486
0
682
0
658
0
775
0
144
1
447
0
507
0
512
0
951
0
930
0
42
0
824
0
231
1
605
0
807
0
834
0
960
0
69
0
341
0
397
0
562
1
578
0
286
0
99
0
315
0
564
0
650
0
536
0
82
1
592
0
478
0
989
0
687
0
816
0
301
0
187
0
801
1
849
0
918
0
709
0
451
0
198
0
729
0
39
0
764
1
49
0
775
0
19
0
665
0
506
0
773
0
970
0
778
1
528
0
660
0
871
0
566
0
124
0
329
0
903
0
691
1
733
0
692
0
261
0
806
0
949
0
359
0
618
0
403
1
83
0
869
0
569
0
458
0
386
0
460
0
577
0
614
1
743
0
80
0
763
0
339
0
496
0
38
0
683
0
243
1
831
0
506
0
804
0
229
0
637
0
413
0
140
0
844
1
916
0
150
0
527
0
959
0
421
0
643
0
375
0
554
1
544
0
877
0
48
0
608
0
434
0
518
0
18
0
2
1
681
0
216
0
368
0
921
0
755
0
387
0
109
0
580
1
292
0
666
0
166
0
142
0
77
0
394
0
82
0
800
1
138
0
296
0
382
0
934
0
92
0
422
0
542
0
337
1
205
0
450
0
654
0
9
0
59
0
292
0
526
0
20
1
707
0
297
0
780
0
511
0
239
0
320
0
731
0
23
1
794
0
57
0
113
0
909
0
895
0
757
0
478
0
196
1
282
0
998
0
952
0
704
0
462
0
203
0
684
0
197
1
838
0
496
0
590
0
609
0
975
0
272
0
210
0
887
1
402
0
240
0
996
0
305
0
248
0
762
0
593
0
817
1
29
0
450
0
800
0
748
0
615
0
585
0
555
0
555
1
696
0
979
0
815
0
880
0
639
0
271
0
19
0
641
1
630
0
595
0
350
0
436
0
372
0
425
0
17
0
240
1
745
0
65
0
363
0
19
0
586
0
756
0
179
0
493
1
291
0
795
0
968
0
464
0
865
0
506
0
221
0
635
1
362
0
869
0
736
0
513
0
555
0
781
0
985
0
987
1
89
0
222
0
928
0
111
0
732
0
872
0
215
0
866
1
765
0
633
0
151
0
697
0
769
0
187
0
686
0
304
1
925
0
175
0
541
0
542
0
41
0
869
0
464
0
533
1
457
0
423
0
695
0
249
0
326
0
369
0
802
0
853
1
620
0
671
0
321
0
156
0
724
0
604
0
520
0
882
1
202
0
857
0
130
0
840
0
457
0
666
0
285
0
542
1
450
0
65
0
883
0
728
0
763
0
438
0
313
0
216
1
820
0
604
0
959
0
468
0
804
0
728
0
112
0
67
1
923
0
216
0
756
0
249
0
865
0
30
0
233
0
412
1
787
0
176
0
425
0
435
0
878
0
502
0
132
0
994
1
379
0
119
0
645
0
972
0
75
0
727
0
715
0
574
1
684
0
953
0
982
0
428
0
682
0
821
0
593
0
546
1
305
0
799
0
263
0
545
0
765
0
732
0
133
0
892
1
797
0
561
0
911
0
254
0
68
0
482
0
255
0
841
1
607
0
891
0
273
0
29
0
29
0
159
0
202
0
12
1
80
0
402
0
54
0
758
0
82
0
237
0
152
0
710
1
746
0
838
0
396
0
240
0
454
0
409
0
497
0
581
1
795
0
952
0
994
0
701
0
567
0
90
0
947
0
263
1
960
0
859
0
169
0
128
0
309
0
199
0
66
0
925
1
914
0
492
0
12
0
535
0
113
0
475
0
449
0
747
1
299
0
674
0
232
0
282
0
167
0
794
0
407
0
868
1
57
0
240
0
636
0
628
0
284
0
779
0
739
0
544
1
602
0
969
0
394
0
415
0
295
0
381
0
504
0
591
1
190
0
513
0
292
0
818
0
35
0
316
0
249
0
4
1
296
0
272
0
703
0
60
0
83
0
290
0
837
0
964
1
668
0
967
0
10
0
295
0
293
0
784
0
772
0
775
1
210
0
186
0
431
0
295
0
167
0
900
0
495
0
355
1
737
0
518
0
33
0
723
0
965
0
290
0
795
0
358
1
652
0
770
0
956
0
552
0
16
0
926
0
78
0
930
1
944
0
215
0
400
0
467
0
919
0
349
0
800
0
704
1
803
0
922
0
262
0
605
0
98
0
681
0
299
0
944
1
358
0
958
0
592
0
950
0
433
0
252
0
667
0
156
1
924
0
541
0
5
0
276
0
449
0
569
0
943
0
426
1
752
0
574
0
722
0
74
0
806
0
31
0
893
0
593
1
834
0
53
0
617
0
788
0
186
0
543
0
113
0
712
1
738
0
783
0
581
0
199
0
76
0
731
0
478
0
43
1
51
0
37
0
340
0
155
0
177
0
511
0
18
0
512
1
697
0
998
0
467
0
130
0
215
0
114
0
230
0
508
1
395
0
879
0
597
0
96
0
668
0
483
0
620
0
496
1
993
0
460
0
244
0
338
0
995
0
821
0
119
0
823
1
614
0
901
0
302
0
849
0
6
0
429
0
637
0
287
1
86
0
36
0
336
0
726
0
308
0
625
0
72
0
981
1
329
0
371
0
414
0
789
0
796
0
832
0
592
0
99
1
398
0
160
0
897
0
164
0
72
0
254
0
666
0
76
1
128
0
523
0
302
0
994
0
99
0
838
0
140
0
284
1
284
0
900
0
109
0
946
0
907
0
480
0
294
0
753
1
760
0
607
0
439
0
823
0
823
0
50
0
681
0
150
1
526
0
633
0
943
0
560
0
728
0
465
0
947
0
829
1
150
0
90
0
266
0
435
0
460
0
687
0
73
0
826
1
735
0
10
0
262
0
90
0
806
0
451
0
36
0
228
1
934
0
485
0
86
0
187
0
839
0
454
0
316
0
133
1
908
0
177
0
771
0
601
0
688
0
522
0
487
0
503
1
307
0
605
0
756
0
662
0
701
0
907
0
226
0
830
1
481
0
738
0
599
0
755
0
986
0
911
0
622
0
666
1
652
0
155
0
101
0
203
0
817
0
407
0
436
0
771
1
516
0
790
0
225
0
357
0
66
0
430
0
689
0
613
1
308
0
537
0
729
0
9
0
881
0
878
0
186
0
940
1
841
0
696
0
555
0
872
0
796
0
640
0
184
0
382
1
848
0
795
0
233
0
301
0
114
0
154
0
37
0
774
1
548
0
690
0
493
0
688
0
884
0
72
0
637
0
524
1
877
0
835
0
29
0
343
0
766
0
317
0
902
0
159
1
737
0
263
0
351
0
604
0
487
0
168
0
23
0
501
1
398
0
218
0
661
0
916
0
228
0
930
0
388
0
519
1
597
0
610
0
682
0
36
0
488
0
476
0
784
0
536
1
849
0
389
0
99
0
460
0
23
0
723
0
8
0
228
1
485
0
437
0
575
0
261
0
798
0
782
0
558
0
843
1
657
0
941
0
95
0
708
0
661
0
548
0
36
0
165
1
325
0
650
0
462
0
166
0
108
0
295
0
604
0
316
1
308
0
292
0
201
0
684
0
840
0
901
0
454
0
143
1
834
0
508
0
207
0
358
0
175
0
755
0
666
0
179
1
246
0
254
0
153
0
769
0
927
0
962
0
561
0
746
1
864
0
62
0
331
0
355
0
131
0
733
0
847
0
501
1
179
0
300
0
321
0
571
0
669
0
446
0
652
0
771
1
564
0
994
0
370
0
643
0
804
0
661
0
718
0
274
1
16
0
418
0
192
0
568
0
304
0
19
0
767
0
346
1
826
0
490
0
718
0
822
0
176
0
392
0
749
0
751
1
562
0
201
0
112
0
414
0
202
0
138
0
164
0
149
1
526
0
225
0
749
0
681
0
755
0
688
0
950
0
828
1
100
0
669
0
472
0
771
0
26
0
528
0
843
0
507
1
237
0
305
0
594
0
803
0
529
0
278
0
672
0
30
1
172
0
575
0
169
0
495
0
67
0
766
0
388
0
689
1
117
0
782
0
100
0
690
0
639
0
599
0
534
0
724
1
254
0
586
0
933
0
384
0
403
0
119
0
792
0
455
1
136
0
473
0
29
0
86
0
657
0
771
0
998
0
285
1
822
0
866
0
226
0
444
0
348
0
910
0
655
0
714
1
372
0
757
0
651
0
708
0
147
0
6
0
570
0
775
1
280
0
519
0
90
0
298
0
493
0
420
0
834
0
578
1
733
0
733
0
849
0
19
0
515
0
938
0
915
0
352
1
707
0
141
0
741
0
912
0
754
0
988
0
570
0
501
1
439
0
154
0
190
0
482
0
341
0
57
0
247
0
360
1
937
0
943
0
300
0
861
0
406
0
826
0
190
0
370
1
408
0
904
0
243
0
391
0
277
0
879
0
161
0
853
1
735
0
166
0
111
0
367
0
327
0
734
0
751
0
646
1
900
0
713
0
632
0
856
0
104
0
69
0
216
0
324
1
491
0
61
0
495
0
453
0
809
0
85
0
15
0
905
1
646
0
455
0
175
0
780
0
322
0
223
0
622
0
126
1
16
0
215
0
924
0
29
0
864
0
168
0
180
0
752
1
236
0
574
0
742
0
186
0
296
0
758
0
434
0
711
1
242
0
527
0
231
0
486
0
593
0
874
0
481
0
443
1
315
0
303
0
144
0
136
0
894
0
77
0
37
0
47
1
271
0
854
0
424
0
623
0
393
0
109
0
356
0
928
1
622
0
13
0
868
0
132
0
369
0
359
0
159
0
573
1
755
0
31
0
671
0
61
0
516
0
540
0
360
0
381
1
594
0
762
0
187
0
358
0
5
0
654
0
802
0
238
1
939
0
45
0
542
0
863
0
134
0
81
0
172
0
658
1
147
0
73
0
702
0
3
0
439
0
460
0
885
0
985
1
50
0
906
0
717
0
156
0
101
0
487
0
697
0
563
1
135
0
789
0
93
0
978
0
315
0
589
0
18
0
613
1
78
0
281
0
267
0
523
0
636
0
809
0
431
0
889
1
314
0
624
0
128
0
657
0
470
0
74
0
720
0
712
1
858
0
428
0
771
0
497
0
352
0
432
0
687
0
833
1
279
0
76
0
559
0
32
0
132
0
934
0
16
0
400
1
556
0
454
0
579
0
62
0
685
0
808
0
249
0
442
1
780
0
492
0
557
0
316
0
561
0
956
0
698
0
429
1
192
0
353
0
117
0
639
0
80
0
538
0
238
0
410
1
38
0
731
0
352
0
972
0
740
0
958
0
560
0
668
1
218
0
928
0
2
0
4
0
46
0
106
0
990
0
280
1
560
0
490
0
410
0
95
0
646
0
222
0
737
0
21
1
807
0
453
0
417
0
562
0
859
0
130
0
202
0
267
1
7
0
702
0
619
0
459
0
679
0
96
0
878
0
429
1
211
0
763
0
387
0
769
0
140
0
284
0
731
0
161
1
120
0
519
0
971
0
166
0
696
0
325
0
88
0
420
1
259
0
820
0
681
0
431
0
364
0
99
0
824
0
400
1
639
0
656
0
795
0
336
0
169
0
825
0
15
0
975
1
708
0
195
0
428
0
713
0
969
0
306
0
371
0
383
1
504
0
501
0
147
0
813
0
932
0
101
0
267
0
237
1
42
0
282
0
499
0
728
0
863
0
314
0
915
0
972
1
625
0
847
0
213
0
174
0
782
0
92
0
774
0
13
1
321
0
508
0
271
0
161
0
347
0
358
0
162
0
678
1
381
0
753
0
200
0
521
0
948
0
400
0
895
0
461
1
493
0
530
0
793
0
282
0
336
0
482
0
8
0
4
1
810
0
725
0
517
0
355
0
962
0
501
0
335
0
924
1
77
0
809
0
825
0
643
0
996
0
670
0
644
0
203
1
275
0
831
0
428
0
84
0
789
0
388
0
359
0
832
1
427
0
122
0
999
0
594
0
795
0
479
0
361
0
763
1
861
0
544
0
318
0
787
0
273
0
817
0
887
0
872
1
628
0
424
0
93
0
245
0
970
0
518
0
942
0
850
1
485
0
571
0
420
0
276
0
291
0
605
0
575
0
690
1
357
0
428
0
259
0
235
0
476
0
614
0
116
0
278
1
767
0
818
0
309
0
736
0
71
0
923
0
913
0
388
1
723
0
147
0
201
0
394
0
647
0
489
0
411
0
295
1
263
0
793
0
20
0
716
0
722
0
270
0
444
0
502
1
394
0
758
0
671
0
905
0
343
0
762
0
596
0
89
1
387
0
608
0
79
0
191
0
848
0
288
0
681
0
645
1
22
0
455
0
279
0
166
0
569
0
419
0
816
0
29
1
198
0
660
0
855
0
408
0
638
0
187
0
937
0
696
1
196
0
946
0
32
0
672
0
408
0
143
0
294
0
64
1
942
0
479
0
157
0
37
0
832
0
755
0
275
0
478
1
304
0
761
0
860
0
926
0
738
0
585
0
39
0
297
1
558
0
650
0
418
0
132
0
147
0
297
0
234
0
214
1
591
0
893
0
282
0
941
0
307
0
266
0
284
0
862
1
739
0
569
0
350
0
53
0
428
0
24
0
108
0
877
1
134
0
563
0
132
0
884
0
944
0
734
0
678
0
774
1
730
0
117
0
929
0
93
0
518
0
179
0
843
0
914
1
448
0
35
0
25
0
234
0
565
0
455
0
100
0
872
1
7
0
235
0
477
0
435
0
614
0
812
0
47
0
275
1
619
0
170
0
882
0
702
0
830
0
151
0
928
0
225
1
567
0
291
0
992
0
477
0
769
0
38
0
529
0
984
1
314
0
112
0
464
0
245
0
128
0
361
0
330
0
681
1
854
0
912
0
805
0
787
0
611
0
458
0
728
0
79
1
571
0
794
0
475
0
950
0
871
0
671
0
890
0
830
1
696
0
102
0
979
0
330
0
849
0
212
0
942
0
206
1
722
0
56
0
60
0
641
0
817
0
892
0
840
0
318
1
923
0
254
0
491
0
337
0
784
0
47
0
708
0
115
1
116
0
327
0
108
0
914
0
233
0
434
0
630
0
25
1
570
0
627
0
261
0
223
0
979
0
412
0
345
0
46
1
684
0
695
0
953
0
546
0
452
0
236
0
380
0
843
1
106
0
784
0
59
0
217
0
695
0
846
0
222
0
244
1
343
0
380
0
446
0
13
0
919
0
181
0
906
0
365
1
240
0
54
0
172
0
592
0
153
0
656
0
379
0
132
1
131
0
873
0
459
0
428
0
261
0
246
0
337
0
596
1
24
0
953
0
0
0
672
0
941
0
91
0
194
0
733
1
715
0
823
0
200
0
508
0
173
0
691
0
290
0
198
1
407
0
683
0
162
0
337
0
705
0
516
0
954
0
742
1
84
0
514
0
686
0
67
0
545
0
622
0
284
0
796
1
377
0
759
0
896
0
89
0
711
0
795
0
796
0
731
1
970
0
875
0
309
0
473
0
174
0
657
0
768
0
770
1
418
0
990
0
691
0
622
0
613
0
900
0
105
0
70
1
650
0
29
0
757
0
356
0
266
0
807
0
384
0
559
1
304
0
828
0
469
0
735
0
303
0
362
0
777
0
730
1
672
0
883
0
48
0
817
0
912
0
810
0
882
0
483
1
670
0
763
0
205
0
587
0
338
0
837
0
668
0
224
1
977
0
264
0
325
0
161
0
789
0
221
0
529
0
859
1
322
0
70
0
812
0
544
0
27
0
706
0
524
0
254
1
322
0
829
0
366
0
457
0
774
0
74
0
851
0
78
1
311
0
78
0
594
0
965
0
997
0
915
0
120
0
241
1
222
0
21
0
930
0
208
0
599
0
724
0
43
0
546
1
674
0
367
0
785
0
192
0
461
0
241
0
137
0
298
1
987
0
99
0
3
0
532
0
964
0
30
0
480
0
894
1
160
0
587
0
863
0
719
0
409
0
497
0
224
0
525
1
173
0
889
0
296
0
556
0
162
0
601
0
58
0
321
1
501
0
500
0
287
0
465
0
747
0
123
0
164
0
291
1
672
0
402
0
602
0
598
0
806
0
49
0
291
0
880
1
765
0
813
0
760
0
477
0
545
0
467
0
552
0
368
1
241
0
240
0
882
0
377
0
836
0
888
0
571
0
875
1
718
0
985
0
763
0
96
0
592
0
603
0
770
0
804
1
445
0
838
0
921
0
43
0
520
0
392
0
722
0
688
1
195
0
114
0
257
0
931
0
35
0
341
0
628
0
133
1
407
0
342
0
966
0
459
0
207
0
108
0
1
0
221
1
530
0
786
0
633
0
418
0
191
0
997
0
86
0
546
1
301
0
163
0
474
0
887
0
70
0
622
0
209
0
273
1
38
0
476
0
869
0
437
0
177
0
204
0
425
0
225
1
882
0
775
0
438
0
654
0
369
0
113
0
249
0
139
1
836
0
243
0
381
0
186
0
38
0
758
0
533
0
641
1
140
0
565
0
354
0
695
0
892
0
335
0
202
0
176
1
361
0
504
0
714
0
639
0
73
0
716
0
74
0
776
1
135
0
423
0
262
0
575
0
92
0
276
0
550
0
272
1
385
0
631
0
147
0
228
0
527
0
865
0
265
0
892
1
424
0
928
0
76
0
685
0
750
0
672
0
139
0
305
1
120
0
74
0
290
0
238
0
94
0
944
0
211
0
413
1
114
0
474
0
116
0
417
0
990
0
136
0
123
0
585
1
412
0
364
0
862
0
964
0
752
0
618
0
576
0
40
1
402
0
368
0
174
0
607
0
120
0
268
0
463
0
159
1
880
0
935
0
873
0
725
0
987
0
676
0
17
0
285
1
646
0
828
0
386
0
88
0
57
0
161
0
271
0
874
1
378
0
749
0
891
0
694
0
316
0
342
0
677
0
1
1
216
0
32
0
706
0
640
0
350
0
640
0
659
0
95
1
389
0
681
0
173
0
615
0
158
0
980
0
183
0
739
1
447
0
328
0
597
0
56
0
667
0
740
0
19
0
582
1
542
0
629
0
974
0
463
0
999
0
361
0
365
0
394
1
734
0
454
0
405
0
284
0
236
0
991
0
505
0
677
1
890
0
916
0
592
0
466
0
986
0
230
0
745
0
148
1
674
0
700
0
545
0
261
0
591
0
748
0
461
0
562
1
285
0
585
0
859
0
689
0
373
0
717
0
715
0
56
1
679
0
348
0
203
0
519
0
895
0
118
0
527
0
348
1
924
0
494
0
168
0
570
0
83
0
203
0
27
0
924
1
770
0
658
0
562
0
691
0
769
0
166
0
400
0
122
1
971
0
310
0
702
0
618
0
561
0
817
0
843
0
247
1
24
0
912
0
800
0
838
0
49
0
495
0
312
0
857
1
694
0
290
0
702
0
321
0
13
0
841
0
154
0
551
1
988
0
264
0
140
0
783
0
812
0
341
0
929
0
441
1
147
0
542
0
42
0
405
0
489
0
622
0
217
0
674
1
428
0
28
0
391
0
363
0
39
0
281
0
785
0
408
1
925
0
60
0
985
0
956
0
228
0
819
0
729
0
48
1
92
0
320
0
738
0
315
0
550
0
61
0
962
0
164
1
697
0
646
0
364
0
150
0
384
0
666
0
570
0
86
1
608
0
269
0
253
0
252
0
173
0
213
0
237
0
788
1
748
0
423
0
796
0
680
0
651
0
734
0
380
0
100
1
477
0
199
0
81
0
893
0
714
0
739
0
873
0
398
1
627
0
930
0
64
0
921
0
66
0
561
0
360
0
623
1
735
0
399
0
190
0
196
0
392
0
418
0
480
0
946
1
856
0
449
0
346
0
104
0
368
0
813
0
415
0
374
1
28
0
65
0
917
0
736
0
908
0
179
0
265
0
965
1
442
0
606
0
762
0
298
0
251
0
893
0
658
0
568
1
598
0
430
0
318
0
487
0
810
0
233
0
942
0
5
1
557
0
732
0
216
0
712
0
294
0
516
0
103
0
691
1
316
0
690
0
449
0
368
0
720
0
271
0
847
0
290
1
876
0
606
0
373
0
278
0
767
0
644
0
753
0
30
1
849
0
478
0
936
0
185
0
448
0
888
0
884
0
83
1
38
0
357
0
18
0
764
0
265
0
384
0
359
0
143
1
778
0
630
0
827
0
249
0
985
0
981
0
150
0
188
1
613
0
333
0
118
0
400
0
898
0
210
0
843
0
725
1
419
0
467
0
274
0
327
0
79
0
426
0
317
0
781
1
775
0
296
0
259
0
168
0
925
0
477
0
4
0
117
1
881
0
736
0
229
0
952
0
861
0
89
0
754
0
757
1
128
0
161
0
49
0
515
0
512
0
594
0
907
0
576
1
152
0
97
0
318
0
643
0
849
0
716
0
45
0
954
1
261
0
465
0
881
0
256
0
199
0
877
0
592
0
458
1
437
0
862
0
972
0
407
0
567
0
982
0
247
0
170
1
762
0
380
0
402
0
93
0
925
0
392
0
245
0
68
1
773
0
83
0
224
0
491
0
436
0
249
0
944
0
732
1
524
0
556
0
398
0
233
0
169
0
622
0
241
0
994
1
332
0
379
0
252
0
572
0
51
0
968
0
690
0
287
1
438
0
380
0
877
0
330
0
69
0
761
0
862
0
524
1
718
0
239
0
166
0
713
0
26
0
782
0
827
0
416
1
615
0
301
0
607
0
654
0
528
0
452
0
843
0
497
1
856
0
930
0
328
0
458
0
749
0
820
0
222
0
151
1
25
0
91
0
797
0
908
0
917
0
769
0
856
0
678
1
950
0
767
0
51
0
771
0
777
0
230
0
841
0
746
1
778
0
216
0
656
0
803
0
432
0
42
0
32
0
306
1
109
0
73
0
54
0
413
0
433
0
189
0
471
0
967
1
638
0
254
0
679
0
936
0
575
0
194
0
74
0
387
1
233
0
289
0
626
0
381
0
691
0
589
0
399
0
381
1
866
0
129
0
380
0
636
0
997
0
540
0
974
0
385
1
416
0
794
0
304
0
345
0
451
0
16
0
753
0
10
1
290
0
897
0
199
0
459
0
400
0
138
0
589
0
18
1
852
0
839
0
624
0
321
0
382
0
352
0
751
0
302
1
507
0
595
0
544
0
973
0
187
0
991
0
712
0
452
1
988
0
794
0
939
0
82
0
648
0
104
0
185
0
261
1
369
0
856
0
457
0
88
0
188
0
541
0
271
0
133
1
83
0
246
0
416
0
796
0
309
0
874
0
983
0
232
1
520
0
340
0
809
0
610
0
415
0
582
0
338
0
477
1
662
0
773
0
722
0
973
0
82
0
985
0
658
0
676
1
278
0
583
0
104
0
155
0
679
0
677
0
827
0
609
1
649
0
834
0
880
0
499
0
843
0
720
0
706
0
224
1
70
0
822
0
432
0
32
0
347
0
262
0
433
0
616
1
697
0
943
0
67
0
621
0
134
0
896
0
8
0
643
1
853
0
698
0
602
0
632
0
142
0
289
0
165
0
138
1
451
0
447
0
714
0
113
0
54
0
661
0
525
0
914
1
320
0
462
0
228
0
41
0
484
0
714
0
800
0
107
1
370
0
492
0
552
0
677
0
704
0
912
0
992
0
445
1
827
0
53
0
689
0
923
0
563
0
442
0
649
0
19
1
516
0
913
0
267
0
745
0
129
0
357
0
498
0
641
1
51
0
9
0
544
0
179
0
663
0
742
0
347
0
696
1
205
0
920
0
342
0
899
0
684
0
326
0
229
0
895
1
644
0
316
0
857
0
240
0
627
0
790
0
724
0
344
1
225
0
308
0
463
0
930
0
519
0
285
0
671
0
651
1
778
0
433
0
679
0
689
0
310
0
735
0
558
0
691
1
237
0
87
0
657
0
19
0
639
0
941
0
643
0
452
1
99
0
122
0
168
0
980
0
243
0
449
0
617
0
359
1
109
0
179
0
346
0
661
0
502
0
456
0
64
0
393
1
426
0
211
0
150
0
695
0
870
0
832
0
590
0
434
1
511
0
260
0
620
0
991
0
219
0
257
0
534
0
569
1
740
0
453
0
416
0
442
0
965
0
30
0
525
0
210
1
573
0
516
0
319
0
655
0
89
0
978
0
263
0
562
1
910
0
779
0
736
0
225
0
812
0
101
0
294
0
903
1
478
0
861
0
164
0
780
0
805
0
223
0
371
0
170
1
444
0
167
0
703
0
493
0
623
0
889
0
466
0
694
1
245
0
561
0
300
0
941
0
540
0
352
0
834
0
632
1
515
0
485
0
211
0
724
0
322
0
251
0
530
0
230
1
54
0
924
0
478
0
799
0
810
0
282
0
861
0
58
1
751
0
877
0
702
0
339
0
667
0
823
0
438
0
982
1
432
0
600
0
27
0
721
0
875
0
718
0
436
0
23
1
589
0
308
0
17
0
186
0
590
0
590
0
927
0
461
1
397
0
23
0
284
0
475
0
444
0
231
0
520
0
758
1
24
0
276
0
636
0
528
0
839
0
147
0
717
0
175
1
82
0
307
0
768
0
577
0
338
0
191
0
594
0
997
1
30
0
374
0
575
0
729
0
10
0
393
0
576
0
805
1
332
0
664
0
538
0
660
0
392
0
425
0
857
0
282
1
428
0
686
0
884
0
654
0
77
0
761
0
809
0
765
1
792
0
999
0
705
0
528
0
565
0
335
0
638
0
236
1
397
0
878
0
481
0
60
0
276
0
408
0
177
0
613
1
105
0
924
0
494
0
982
0
931
0
36
0
179
0
385
1
910
0
184
0
113
0
418
0
59
0
190
0
136
0
868
1
93
0
336
0
888
0
786
0
56
0
779
0
246
0
337
1
148
0
383
0
795
0
751
0
911
0
63
0
358
0
719
1
832
0
487
0
826
0
389
0
855
0
237
0
314
0
288
1
819
0
646
0
240
0
321
0
908
0
830
0
373
0
791
1
774
0
458
0
995
0
836
0
535
0
782
0
854
0
223
1
511
0
902
0
408
0
230
0
222
0
275
0
852
0
160
1
269
0
805
0
595
0
525
0
434
0
447
0
770
0
51
1
526
0
252
0
957
0
710
0
123
0
355
0
988
0
354
1
663
0
561
0
243
0
328
0
838
0
780
0
960
0
523
1
788
0
48
0
262
0
630
0
943
0
496
0
606
0
676
1
530
0
554
0
861
0
707
0
926
0
31
0
696
0
5
1
868
0
973
0
148
0
413
0
222
0
635
0
498
0
83
1
91
0
569
0
111
0
124
0
521
0
530
0
906
0
225
1
732
0
543
0
935
0
481
0
917
0
769
0
584
0
518
1
646
0
322
0
371
0
377
0
849
0
56
0
39
0
435
1
168
0
167
0
760
0
890
0
576
0
266
0
914
0
796
1
879
0
118
0
674
0
794
0
996
0
339
0
407
0
884
1
509
0
880
0
496
0
141
0
787
0
674
0
207
0
811
1
891
0
56
0
131
0
517
0
86
0
446
0
395
0
425
1
447
0
204
0
974
0
505
0
276
0
147
0
392
0
369
1
238
0
284
0
223
0
512
0
203
0
252
0
100
0
817
1
187
0
799
0
204
0
357
0
311
0
576
0
886
0
750
1
661
0
818
0
167
0
122
0
872
0
902
0
113
0
546
1
85
0
802
0
178
0
263
0
72
0
146
0
297
0
360
1
717
0
510
0
219
0
569
0
346
0
208
0
731
0
548
1
561
0
560
0
697
0
101
0
316
0
870
0
905
0
468
1
241
0
346
0
828
0
452
0
37
0
155
0
492
0
827
1
725
0
91
0
536
0
478
0
679
0
44
0
759
0
331
1
487
0
746
0
330
0
706
0
461
0
747
0
938
0
536
1
892
0
927
0
617
0
305
0
62
0
16
0
524
0
625
1
882
0
862
0
261
0
832
0
872
0
106
0
72
0
392
1
411
0
389
0
603
0
156
0
349
0
212
0
784
0
102
1
545
0
666
0
695
0
293
0
217
0
730
0
556
0
402
1
303
0
463
0
617
0
917
0
233
0
91
0
892
0
73
1
654
0
992
0
384
0
328
0
92
0
70
0
833
0
788
1
428
0
706
0
113
0
356
0
870
0
983
0
480
0
111
1
198
0
571
0
168
0
624
0
80
0
153
0
110
0
709
1
871
0
838
0
268
0
454
0
865
0
714
0
940
0
359
1
598
0
805
0
791
0
394
0
487
0
244
0
76
0
804
1
76
0
959
0
932
0
210
0
990
0
456
0
17
0
872
1
299
0
905
0
703
0
237
0
15
0
554
0
539
0
911
1
487
0
623
0
936
0
870
0
441
0
794
0
976
0
672
1
792
0
970
0
679
0
217
0
60
0
703
0
268
0
636
1
742
0
160
0
841
0
282
0
49
0
827
0
257
0
261
1
43
0
504
0
857
0
874
0
418
0
579
0
919
0
722
1
652
0
157
0
671
0
931
0
687
0
702
0
501
0
199
1
880
0
849
0
188
0
33
0
863
0
563
0
165
0
583
1
910
0
233
0
355
0
224
0
682
0
269
0
27
0
364
1
699
0
820
0
490
0
2
0
358
0
848
0
902
0
250
1
97
0
781
0
902
0
248
0
398
0
858
0
942
0
281
1
209
0
7
0
162
0
22
0
508
0
605
0
603
0
522
1
578
0
829
0
848
0
185
0
719
0
33
0
956
0
23
1
142
0
521
0
981
0
673
0
109
0
316
0
797
0
612
1
803
0
148
0
961
0
873
0
282
0
915
0
447
0
106
1
336
0
367
0
924
0
348
0
831
0
184
0
211
0
904
1
435
0
938
0
66
0
160
0
108
0
700
0
847
0
906
1
545
0
419
0
135
0
12
0
109
0
371
0
999
0
300
1
862
0
476
0
644
0
394
0
655
0
773
0
356
0
14
1
480
0
895
0
879
0
79
0
884
0
960
0
256
0
407
1
520
0
547
0
766
0
632
0
907
0
353
0
128
0
738
1
56
0
366
0
469
0
973
0
792
0
882
0
968
0
518
1
309
0
130
0
610
0
456
0
721
0
66
0
970
0
696
1
998
0
98
0
831
0
660
0
727
0
26
0
839
0
528
1
738
0
931
0
168
0
271
0
313
0
844
0
379
0
635
1
926
0
237
0
480
0
34
0
444
0
924
0
836
0
253
1
508
0
378
0
576
0
669
0
205
0
80
0
348
0
596
1
621
0
363
0
368
0
910
0
548
0
442
0
738
0
10
1
456
0
464
0
99
0
617
0
578
0
450
0
932
0
17
1
799
0
478
0
791
0
614
0
987
0
110
0
968
0
742
1
984
0
48
0
938
0
191
0
309
0
75
0
278
0
152
1
546
0
400
0
318
0
985
0
583
0
58
0
607
0
439
1
491
0
284
0
149
0
472
0
186
0
94
0
424
0
455
1
280
0
843
0
188
0
613
0
603
0
298
0
815
0
132
1
213
0
439
0
836
0
969
0
622
0
798
0
588
0
158
1
344
0
155
0
916
0
641
0
716
0
976
0
945
0
676
1
698
0
956
0
208
0
529
0
165
0
429
0
82
0
266
1
69
0
946
0
21
0
739
0
710
0
263
0
302
0
725
1
918
0
949
0
57
0
375
0
180
0
357
0
203
0
346
1
724
0
617
0
863
0
738
0
527
0
232
0
53
0
877
1
951
0
524
0
377
0
401
0
951
0
834
0
191
0
390
1
729
0
237
0
908
0
652
0
538
0
439
0
263
0
578
1
624
0
5
0
327
0
621
0
699
0
333
0
542
0
146
1
761
0
727
0
923
0
880
0
668
0
541
0
245
0
629
1
198
0
960
0
203
0
939
0
981
0
217
0
289
0
790
1
969
0
721
0
501
0
253
0
113
0
54
0
432
0
642
1
62
0
490
0
24
0
264
0
392
0
785
0
849
0
520
1
740
0
351
0
412
0
648
0
95
0
907
0
400
0
392
1
444
0
308
0
396
0
963
0
465
0
327
0
86
0
367
1
312
0
530
0
750
0
24
0
137
0
680
0
756
0
839
1
429
0
298
0
513
0
378
0
469
0
374
0
681
0
825
1
649
0
614
0
989
0
20
0
572
0
583
0
407
0
532
1
380
0
868
0
54
0
221
0
912
0
327
0
330
0
684
1
467
0
340
0
433
0
819
0
277
0
290
0
152
0
438
1
256
0
479
0
733
0
993
0
639
0
503
0
913
0
336
1
451
0
808
0
339
0
986
0
919
0
724
0
423
0
875
1
955
0
836
0
838
0
757
0
591
0
886
0
703
0
98
1
845
0
707
0
979
0
329
0
992
0
736
0
238
0
378
1
724
0
950
0
698
0
728
0
603
0
688
0
205
0
314
1
790
0
897
0
450
0
341
0
461
0
455
0
213
0
514
1
941
0
576
0
304
0
567
0
200
0
415
0
75
0
461
1
243
0
19
0
720
0
254
0
432
0
548
0
564
0
416
1
292
0
907
0
362
0
283
0
227
0
654
0
154
0
330
1
695
0
900
0
374
0
193
0
400
0
91
0
988
0
668
1
733
0
291
0
360
0
608
0
968
0
878
0
841
0
281
1
392
0
943
0
316
0
382
0
912
0
645
0
758
0
396
1
533
0
906
0
698
0
414
0
260
0
836
0
26
0
726
1
658
0
983
0
995
0
27
0
933
0
660
0
105
0
494
1
208
0
499
0
761
0
498
0
420
0
808
0
30
0
585
1
81
0
85
0
378
0
477
0
172
0
164
0
222
0
986
1
58
0
431
0
142
0
533
0
667
0
430
0
299
0
440
1
898
0
660
0
36
0
989
0
920
0
231
0
439
0
68
1
49
0
786
0
968
0
467
0
510
0
129
0
908
0
409
1
129
0
784
0
152
0
800
0
752
0
751
0
706
0
965
1
816
0
942
0
185
0
36
0
314
0
89
0
777
0
268
1
579
0
713
0
318
0
797
0
662
0
647
0
730
0
850
1
300
0
613
0
985
0
694
0
84
0
595
0
833
0
751
1
837
0
67
0
856
0
602
0
848
0
378
0
877
0
721
1
130
0
411
0
456
0
240
0
415
0
273
0
398
0
384
1
635
0
920
0
85
0
933
0
753
0
257
0
254
0
379
1
926
0
625
0
728
0
712
0
400
0
692
0
176
0
805
1
753
0
395
0
678
0
902
0
751
0
720
0
844
0
964
1
109
0
281
0
536
0
228
0
132
0
25
0
208
0
206
1
355
0
206
0
917
0
803
0
103
0
456
0
407
0
99
1
483
0
536
0
152
0
627
0
392
0
384
0
622
0
656
1
839
0
540
0
672
0
298
0
659
0
445
0
905
0
752
1
93
0
622
0
610
0
140
0
943
0
37
0
730
0
258
1
298
0
200
0
489
0
898
0
746
0
632
0
322
0
120
1
782
0
127
0
79
0
220
0
118
0
138
0
654
0
491
1
222
0
811
0
872
0
882
0
951
0
333
0
602
0
97
1
709
0
644
0
461
0
188
0
163
0
617
0
25
0
841
1
137
0
848
0
622
0
87
0
48
0
814
0
450
0
452
1
444
0
330
0
719
0
512
0
768
0
102
0
708
0
859
1
608
0
338
0
155
0
8
0
119
0
901
0
827
0
237
1
249
0
177
0
748
0
280
0
707
0
834
0
95
0
447
1
599
0
211
0
584
0
508
0
699
0
717
0
420
0
371
1
33
0
308
0
253
0
554
0
857
0
793
0
868
0
156
1
234
0
5
0
909
0
177
0
943
0
97
0
638
0
710
1
134
0
743
0
922
0
388
0
301
0
252
0
218
0
360
1
629
0
957
0
515
0
942
0
49
0
314
0
507
0
75
1
359
0
579
0
756
0
582
0
972
0
990
0
875
0
913
1
671
0
386
0
962
0
946
0
427
0
612
0
201
0
873
1
880
0
3
0
684
0
693
0
748
0
562
0
198
0
743
1
58
0
625
0
683
0
490
0
172
0
224
0
250
0
750
1
797
0
290
0
122
0
504
0
367
0
905
0
268
0
855
1
139
0
76
0
918
0
470
0
520
0
506
0
367
0
865
1
786
0
449
0
878
0
469
0
651
0
104
0
261
0
873
1
88
0
949
0
987
0
907
0
90
0
796
0
408
0
352
1
517
0
316
0
145
0
452
0
925
0
983
0
715
0
458
1
347
0
575
0
340
0
321
0
408
0
856
0
381
0
955
1
369
0
349
0
115
0
402
0
664
0
563
0
757
0
729
1
275
0
700
0
352
0
533
0
206
0
417
0
510
0
223
1
739
0
743
0
142
0
151
0
962
0
308
0
12
0
389
1
651
0
382
0
161
0
583
0
896
0
65
0
581
0
746
1
696
0
467
0
545
0
639
0
662
0
622
0
377
0
437
1
696
0
833
0
422
0
596
0
355
0
587
0
578
0
333
1
500
0
453
0
436
0
867
0
289
0
715
0
860
0
229
1
798
0
527
0
769
0
924
0
652
0
793
0
877
0
356
1
932
0
975
0
162
0
512
0
913
0
149
0
478
0
134
1
651
0
866
0
793
0
220
0
783
0
798
0
455
0
318
1
596
0
531
0
25
0
478
0
536
0
512
0
718
0
942
1
585
0
308
0
431
0
300
0
832
0
845
0
216
0
563
1
840
0
325
0
451
0
226
0
469
0
269
0
502
0
331
1
95
0
841
0
844
0
866
0
557
0
712
0
522
0
624
1
230
0
54
0
167
0
3
0
714
0
775
0
846
0
219
1
39
0
586
0
49
0
876
0
337
0
136
0
883
0
763
1
681
0
184
0
159
0
335
0
549
0
625
0
871
0
574
1
424
0
235
0
53
0
361
0
80
0
546
0
29
0
708
1
486
0
280
0
803
0
366
0
635
0
789
0
369
0
577
1
981
0
526
0
593
0
391
0
89
0
271
0
89
0
66
1
826
0
574
0
276
0
309
0
799
0
350
0
84
0
548
1
227
0
804
0
718
0
828
0
934
0
10
0
646
0
849
1
321
0
534
0
193
0
275
0
759
0
654
0
114
0
268
1
407
0
474
0
820
0
632
0
541
0
733
0
278
0
777
1
768
0
9
0
380
0
415
0
238
0
631
0
754
0
192
1
332
0
664
0
820
0
41
0
866
0
907
0
904
0
1
1
971
0
484
0
733
0
974
0
354
0
444
0
829
0
703
1
135
0
227
0
614
0
5
0
313
0
799
0
894
0
335
1
86
0
607
0
140
0
505
0
438
0
520
0
628
0
599
1
694
0
611
0
122
0
835
0
112
0
170
0
224
0
73
1
767
0
53
0
938
0
820
0
440
0
710
0
47
0
47
1
100
0
92
0
122
0
962
0
890
0
64
0
214
0
678
1
977
0
194
0
592
0
479
0
987
0
102
0
6
0
933
1
710
0
433
0
870
0
839
0
812
0
570
0
305
0
445
1
538
0
311
0
830
0
616
0
933
0
829
0
690
0
448
1
784
0
619
0
821
0
473
0
674
0
988
0
769
0
419
1
277
0
679
0
860
0
717
0
121
0
437
0
500
0
774
1
775
0
406
0
730
0
671
0
218
0
672
0
799
0
192
1
7
0
653
0
147
0
885
0
741
0
991
0
148
0
69
1
471
0
307
0
91
0
423
0
991
0
408
0
299
0
402
1
45
0
666
0
11
0
175
0
924
0
735
0
427
0
837
1
974
0
781
0
331
0
49
0
126
0
535
0
702
0
487
1
131
0
186
0
893
0
609
0
484
0
976
0
145
0
891
1
366
0
632
0
112
0
225
0
979
0
951
0
704
0
350
1
701
0
199
0
706
0
338
0
417
0
794
0
358
0
766
1
310
0
516
0
44
0
63
0
268
0
291
0
915
0
69
1
81
0
708
0
954
0
727
0
38
0
90
0
963
0
310
1
745
0
573
0
48
0
874
0
660
0
53
0
61
0
724
1
426
0
642
0
277
0
17
0
210
0
66
0
433
0
303
1
364
0
821
0
603
0
719
0
280
0
249
0
169
0
64
1
814
0
117
0
332
0
276
0
55
0
140
0
824
0
617
1
331
0
880
0
846
0
766
0
780
0
247
0
989
0
903
1
592
0
983
0
248
0
231
0
332
0
42
0
241
0
874
1
547
0
182
0
18
0
292
0
462
0
628
0
52
0
161
1
989
0
594
0
224
0
882
0
732
0
671
0
667
0
929
1
832
0
299
0
904
0
713
0
481
0
401
0
845
0
468
1
34
0
625
0
342
0
531
0
987
0
462
0
328
0
564
1
784
0
489
0
150
0
651
0
226
0
416
0
8
0
391
1
827
0
47
0
250
0
783
0
183
0
17
0
89
0
529
1
574
0
899
0
63
0
367
0
205
0
805
0
855
0
735
1
597
0
662
0
933
0
222
0
891
0
59
0
356
0
96
1
142
0
715
0
707
0
934
0
688
0
26
0
826
0
476
1
907
0
376
0
686
0
182
0
493
0
614
0
572
0
774
1
174
0
652
0
242
0
973
0
854
0
290
0
673
0
868
1
996
0
337
0
215
0
677
0
713
0
788
0
585
0
11
1
426
0
984
0
597
0
362
0
948
0
254
0
469
0
557
1
666
0
713
0
96
0
795
0
